"Day" "Rcum" "f0-9" "f10-19" "f20-29" "f30-39" "f40-49" "f50-59" "f60-69" "f70-79" "f80+" "m0-9" "m10-19" "m20-29" "m30-39" "m40-49" "m50-59" "m60-69" "m70-79" "m80+"
200101 39 1.1112 1.6778 1.578 2.089 2.919 2.625 2.104 1.896 2 3.3336 3.9814 2.63 2.095 2.085 1.875 2.104 1.896 1
200102 80 1.1112 4.5708 7.364 6.282 6.672 6 3.156 2.844 7 3.3336 4.7704 4.208 3.976 4.587 4.125 2.63 2.37 5
200103 109 2.2224 6.2486 8.942 8.163 9.174 8.25 4.208 3.792 11 3.3336 5.5594 5.786 5.441 6.255 5.625 4.208 3.792 7
200104 125 2.2224 6.5116 9.468 9.414 11.259 10.125 5.26 4.74 12 3.3336 5.8224 6.312 6.276 7.506 6.75 5.26 4.74 8
200105 129 2.2224 6.7746 9.994 9.833 11.676 10.5 5.26 4.74 13 3.3336 5.8224 6.312 6.276 7.506 6.75 5.26 4.74 9
200106 130 2.2224 6.7746 9.994 10.041 12.093 10.875 5.26 4.74 13 3.3336 5.8224 6.312 6.276 7.506 6.75 5.26 4.74 9
200107 131 2.2224 6.7746 9.994 10.041 12.093 10.875 5.26 4.74 13 3.3336 5.8224 6.312 6.484 7.923 7.125 5.26 4.74 9
200108 133 2.2224 6.7746 9.994 10.249 12.51 11.25 5.26 4.74 13 3.3336 5.8224 6.312 6.692 8.34 7.5 5.26 4.74 9
200109 136 2.2224 6.7746 9.994 10.457 12.927 11.625 5.26 4.74 13 3.3336 6.3484 7.364 7.114 8.34 7.5 5.26 4.74 9
200110 138 2.2224 6.7746 9.994 10.457 12.927 11.625 5.26 4.74 13 3.3336 6.3484 7.364 7.114 8.34 7.5 5.786 5.214 10
200111 145 2.778 7.745 11.046 11.295 13.761 12.375 5.786 5.214 13 3.3336 6.3484 7.364 7.322 8.757 7.875 5.786 5.214 10
200112 149 3.3336 8.1894 11.046 11.503 14.178 12.75 5.786 5.214 13 3.3336 6.6114 7.89 7.533 8.757 7.875 6.312 5.688 10
200113 151 3.3336 8.4524 11.572 11.714 14.178 12.75 5.786 5.214 14 3.3336 6.6114 7.89 7.533 8.757 7.875 6.312 5.688 10
200114 153 3.3336 8.4524 11.572 11.922 14.595 13.125 5.786 5.214 14 3.3336 6.6114 7.89 7.741 9.174 8.25 6.312 5.688 10
200115 157 3.3336 8.4524 11.572 11.922 14.595 13.125 5.786 5.214 15 3.3336 6.8744 8.416 8.16 9.591 8.625 6.838 6.162 10
200116 161 3.3336 8.9784 12.624 12.344 14.595 13.125 5.786 5.214 15 3.8892 7.3188 8.416 8.368 10.008 9 6.838 6.162 10
200117 169 3.8892 9.9488 13.676 13.182 15.429 13.875 5.786 5.214 15 4.4448 8.2892 9.468 8.79 10.008 9 6.838 6.162 10
200118 173 3.8892 9.9488 13.676 13.182 15.429 13.875 5.786 5.214 15 4.4448 8.2892 9.468 9.414 11.259 10.125 6.838 6.162 11
200119 175 3.8892 9.9488 13.676 13.182 15.429 13.875 6.312 5.688 15 4.4448 8.5522 9.994 9.625 11.259 10.125 6.838 6.162 11
200120 177 3.8892 10.2118 14.202 13.393 15.429 13.875 6.312 5.688 15 4.4448 8.5522 9.994 9.833 11.676 10.5 6.838 6.162 11
200121 186 3.8892 10.8693 15.517 14.7525 17.097 15.375 6.312 5.688 15 4.4448 8.9467 10.783 10.1495 11.676 10.5 6.838 6.162 12
200122 194 3.8892 11.1323 16.043 14.9635 17.097 15.375 6.312 5.688 15 4.4448 9.9987 12.887 11.6175 12.927 11.625 6.838 6.162 12
200123 201 3.8892 11.9213 17.621 15.5965 17.097 15.375 6.312 5.688 16 4.4448 10.2617 13.413 12.0365 13.344 12 6.838 6.162 13
200124 204 3.8892 11.9213 17.621 15.5965 17.097 15.375 6.312 5.688 16 4.4448 10.2617 13.413 12.4525 14.178 12.75 7.364 6.636 13
200125 209 3.8892 11.9213 17.621 15.8045 17.514 15.75 6.312 5.688 16 4.4448 10.7877 14.465 13.2905 15.012 13.5 7.364 6.636 13
200126 218 3.8892 11.9213 17.621 16.5325 18.9735 17.0625 6.312 5.688 16 5.0004 11.7581 15.517 14.0245 15.6375 14.0625 7.89 7.11 13
200127 227 3.8892 11.9213 17.621 17.1565 20.2245 18.1875 6.312 5.688 16 6.0004 12.0211 16.043 14.8595 16.8885 15.1875 8.416 7.584 13
200128 231 3.8892 12.1843 18.147 17.5755 20.6415 18.5625 6.312 5.688 16 6.0004 12.2841 16.569 15.2785 17.3055 15.5625 8.416 7.584 13
200129 242 4.8892 12.9733 19.725 19.0405 22.3095 20.0625 6.312 5.688 16 6.0004 12.5471 17.095 15.6975 17.7225 15.9375 8.942 8.058 13
200130 264 6.0004 15.1771 22.355 20.9275 23.9775 21.5625 6.838 6.162 16 6.556 14.3065 19.725 16.9605 18.1395 16.3125 10.52 9.48 13
200131 289 6.0004 16.4921 24.985 23.0225 26.0625 23.4375 7.89 7.11 18 8.1116 15.2769 20.777 18.2145 19.8075 17.8125 12.098 10.902 13
200201 294 6.0004 16.7551 25.511 23.2335 26.0625 23.4375 7.89 7.11 19 8.1116 15.8029 21.829 18.8445 20.2245 18.1875 12.098 10.902 13
200202 301 6.0004 16.7551 25.511 23.3375 26.271 23.625 8.416 7.584 20 8.1116 16.0659 22.355 19.5755 21.267 19.125 12.098 10.902 14
200203 304 6.0004 17.0181 26.037 23.7565 26.688 24 8.416 7.584 20 8.1116 16.3289 22.881 19.7865 21.267 19.125 12.098 10.902 14
200204 306 6.0004 17.0181 26.037 23.7565 26.688 24 8.942 8.058 20 8.1116 16.3289 22.881 19.9945 21.684 19.5 12.098 10.902 14
200205 308 6.0004 17.0181 26.037 23.7565 26.688 24 8.942 8.058 20 8.1116 16.3289 22.881 20.4105 22.518 20.25 12.098 10.902 14
200206 309 6.0004 17.0181 26.037 23.7565 26.688 24 9.468 8.532 20 8.1116 16.3289 22.881 20.4105 22.518 20.25 12.098 10.902 14
200207 312 6.0004 17.0181 26.037 23.7565 26.688 24 9.468 8.532 21 8.1116 16.3289 22.881 20.6185 22.935 20.625 12.624 11.376 14
200208 313 6.0004 17.0181 26.037 23.7565 26.688 24 9.468 8.532 21 8.1116 16.3289 22.881 20.8265 23.352 21 12.624 11.376 14
200209 316 6.0004 17.2811 26.563 24.1755 27.105 24.375 9.468 8.532 21 8.1116 16.5919 23.407 21.0375 23.352 21 12.624 11.376 14
200210 322 7.0004 17.2811 26.563 24.5915 27.939 25.125 9.994 9.006 22 8.1116 16.8549 23.933 21.2485 23.352 21 12.624 11.376 14
200211 332 7.0004 17.5441 27.089 25.4265 29.19 26.25 10.52 9.48 22 9.1116 17.3809 24.985 21.8785 23.769 21.375 13.15 11.85 14
200212 342 7.0004 17.5441 27.089 25.6345 29.607 26.625 11.572 10.428 22 9.1116 17.6439 25.511 22.5055 24.603 22.125 15.254 13.746 14
200213 347 7.0004 17.5441 27.089 26.2585 30.858 27.75 12.098 10.902 22 9.1116 17.6439 25.511 22.5055 24.603 22.125 15.78 14.22 14
200214 352 7.0004 17.5441 27.089 26.8825 32.109 28.875 12.098 10.902 22 9.1116 17.9069 26.037 22.9245 25.02 22.5 15.78 14.22 14
200215 365 7.0004 17.5441 27.089 28.3385 35.028 31.5 13.15 11.85 22 9.1116 18.1699 26.563 23.5515 25.854 23.25 16.306 14.694 14
200216 376 7.0004 17.8071 27.615 29.1735 36.279 32.625 13.676 12.324 22 9.1116 18.4329 27.089 24.8025 27.939 25.125 16.306 14.694 14
200217 388 8.556 18.2515 27.615 29.7975 37.53 33.75 14.728 13.272 22 9.1116 19.2219 28.667 25.6435 28.356 25.5 16.832 15.168 14
200218 401 8.556 19.0405 29.193 31.0545 38.781 34.875 15.254 13.746 22 9.1116 19.4849 29.193 26.6865 30.024 27 17.358 15.642 14
200219 409 8.556 19.0405 29.193 31.4705 39.615 35.625 15.254 13.746 22 9.1116 20.0109 30.245 27.9405 31.692 28.5 17.358 15.642 14
200220 436 9.556 20.0925 31.297 33.5625 42.117 37.875 15.78 14.22 23 10.2228 21.1627 30.771 30.2315 35.862 32.25 17.884 16.116 14
200221 461 10.1116 21.3259 32.875 35.2355 44.202 39.75 16.832 15.168 23 10.2228 21.6887 31.823 32.1095 38.781 34.875 20.514 18.486 14
200222 487 10.1116 22.9039 36.031 37.7495 46.704 42 17.358 15.642 23 10.7784 22.9221 33.401 33.9905 41.283 37.125 22.092 19.908 14
200223 533 10.1116 25.2709 40.765 41.3125 50.04 45 18.41 16.59 23 12.334 25.9965 38.661 38.1805 45.453 40.875 24.196 21.804 15
200224 599 10.6672 28.6083 46.551 47.7935 58.38 52.5 21.566 19.434 24 14.0008 29.6967 43.395 42.7835 50.874 45.75 25.248 22.752 15
200225 701 11.2228 34.5757 57.597 55.3445 64.635 58.125 23.67 21.33 24 15.0008 35.7457 55.493 53.8765 63.384 57 28.93 26.07 15
200226 849 11.7784 44.2251 76.007 68.9695 77.145 69.375 27.352 24.648 26 15.0008 41.5317 67.065 64.5505 75.477 67.875 39.976 36.024 16
200227 1009 11.7784 50.5371 88.631 84.0175 97.161 87.375 29.456 26.544 29 16.5564 49.3401 81.793 77.9465 90.489 81.375 46.814 42.186 18
200228 1223 14.8896 58.3954 102.57 100.217 118.428 106.5 38.398 34.602 33 19.2232 58.4318 97.31 95.195 112.59 101.25 58.386 52.614 21
200229 1414 15.4452 64.3628 113.616 114.84 138.861 124.875 47.34 42.66 34 19.2232 63.1658 106.778 111.265 137.193 123.375 69.432 62.568 25
200301 1641 16.5564 72.8786 128.87 134.479 165.966 149.25 57.334 51.666 35 20.3344 70.6296 119.928 127.772 159.711 143.625 84.686 76.314 26
200302 1926 22.2232 83.6798 147.806 154.763 191.403 172.125 67.854 61.146 42 24.668 80.397 134.13 150.317 193.488 174 102.57 92.43 31
200303 2215 25.0012 96.9478 169.898 175.481 215.172 193.5 83.634 75.366 45 27.7792 91.2798 154.118 174.975 226.848 204 117.824 106.176 32
200304 2617 29.8904 113.4716 196.724 206.418 255.621 229.875 95.206 85.794 50 32.0016 105.4184 178.84 210.268 277.722 249.75 139.39 125.61 35
200305 3053 33.7796 130.2584 224.076 240.894 302.742 272.25 116.772 105.228 58 33.1128 121.8242 209.874 246.637 325.677 292.875 158.326 142.674 38
200306 3714 39.2244 151.6976 259.844 291.642 375.717 337.875 135.182 121.818 67 41.5576 143.0004 245.116 304.246 412.83 371.25 196.724 177.276 42
200307 4513 43.1136 179.5304 309.288 351.828 456.615 410.625 163.06 146.94 78 52.0024 173.3816 298.768 377.976 517.497 465.375 231.44 208.56 49
200308 5592 49.6696 211.8524 365.044 424.738 557.946 501.75 204.614 184.386 83 57.8916 217.7834 381.35 484.527 664.698 597.75 287.722 259.278 58
200309 7332 63.8924 276.5416 482.868 553.33 720.993 648.375 277.202 249.798 107 68.1144 287.2066 508.642 644.789 883.623 794.625 362.414 326.586 76
200310 9560 76.3376 364.8374 644.35 726.267 937.833 843.375 360.31 324.69 128 85.226 371.258 666.968 847.452 1162.596 1045.5 459.724 414.276 101
200311 12334 87.894 469.539 836.866 929.957 1191.369 1071.375 468.14 421.86 149 103.8936 477.9004 861.588 1109.394 1531.224 1377 589.12 530.88 127
200312 15442 106.4504 588.3111 1057.523 1166.7755 1488.69 1338.75 583.86 526.14 175 128.4504 598.3051 1077.511 1395.2735 1930.71 1736.25 731.666 659.334 153
200313 19264 137.7856 741.3689 1326.309 1463.2525 1866.909 1678.875 724.302 652.698 212 164.22991 750.14081 1346.40811 1737.62161 2400.78011 2158.98611 901.67511 812.54711 188.11111
200314 23098 170.0096 895.3789 1598.777 1757.1505 2236.9965 2011.6875 868.426 782.574 255 206.89831 902.39141 1616.24611 2073.93661 2858.02061 2570.17361 1089.45711 981.76511 223.11111
200315 27044 199.34462 1045.30332 1864.62922 2044.99172 2600.21722 2338.34722 1039.33522 936.60922 307.22222 240.56671 1071.21101 1919.22211 2419.59261 3307.33811 2974.23611 1292.23011 1164.49211 279.11111
200316 32390 232.23542 1258.76952 2253.34322 2468.30472 3136.27072 2820.40972 1269.46022 1143.98422 386.22222 286.23551 1281.37621 2296.89011 2860.31461 3887.17661 3495.67361 1564.96111 1410.26111 338.11111
200317 37195 270.12622 1447.38222 2592.35022 2840.99822 3610.81672 3247.15972 1486.17222 1339.27222 455.22222 327.01551 1481.77871 2653.25511 3256.19511 4394.24861 3951.67361 1807.44711 1628.77511 405.11111
200318 42192 311.12822 1636.75222 2931.09422 3210.67422 4079.52472 3668.65972 1729.97322 1558.97122 551.22222 372.46222 1691.28422 3026.82622 3666.53222 4916.44372 4421.28472 2069.24322 1864.70122 485.22222
200319 46652 349.57413 1810.38053 3248.90933 3571.70933 4547.71833 4089.70833 1937.06533 1745.60133 621.33333 404.24142 1853.31102 3322.43822 4012.56222 5372.43322 4831.34722 2304.10222 2076.34222 553.22222
200320 51654 388.63151 1991.93871 3575.30711 3964.26311 5072.16511 4561.36111 2184.03711 1968.18511 760.61111 451.18822 2033.58622 3635.38222 4378.84422 5854.98522 5265.34722 2597.58422 2340.86022 629.72222
200321 55739 423.18871 2159.47501 3877.49411 4292.65061 5487.49711 4934.86111 2386.02111 2150.20111 859.61111 490.74582 2187.23812 3901.80122 4679.57172 6243.62922 5614.84722 2814.82222 2536.62222 698.72222
200322 59032 453.52351 2291.30671 4111.82711 4554.61111 5824.22461 5237.67361 2561.17911 2308.04311 938.61111 520.96916 2296.91196 4098.59556 4912.32156 6551.91706 5892.11806 3001.88556 2705.22556 771.05556
200323 63746 495.41471 2477.34401 4437.68411 4922.23761 6299.18761 5664.79861 2820.49711 2541.72511 1066.61111 566.19356 2458.73506 4378.69056 5244.74306 6993.10306 6288.86806 3266.98956 2944.12156 879.05556
200324 67569 530.58302 2637.23292 4724.46522 5226.93572 6679.39422 6006.72222 3010.49422 2712.95022 1242.72222 608.02836 2595.43226 4622.75456 5500.62306 7309.81456 6573.68056 3474.23356 3130.87756 982.05556
200325 71882 568.14062 2813.89732 5036.90922 5583.35772 7142.68122 6423.34722 3227.46922 2908.47522 1404.72222 654.69716 2744.05546 4877.33856 5785.37106 7675.94056 6902.93056 3703.83256 3337.77856 1091.05556
200326 75915 615.25373 2990.75443 5350.51633 5919.82483 7565.00483 6803.14583 3438.50633 3098.66033 1568.83333 704.25507 2887.91077 5117.83167 6040.30117 7993.59717 7188.60417 3914.86967 3527.96367 1189.16667
200327 80117 654.14413 3154.06453 5646.91733 6260.55533 8009.73533 7203.08333 3643.38333 3283.28333 1761.83333 743.59027 3035.05107 5374.78267 6317.15867 8342.00067 7501.91667 4146.04667 3736.28667 1303.16667
200328 83801 693.36813 3300.71053 5904.65733 6559.88133 8402.54933 7556.33333 3819.06733 3441.59933 1972.33333 788.14778 3169.64678 5604.75578 6554.45278 8632.76078 7763.40278 4328.15378 3900.40178 1408.77778
200329 86673 727.48053 3421.69113 6120.84333 6805.61833 8721.34583 7843.02083 3961.61333 3570.05333 2115.33333 819.03818 3268.12738 5771.49778 6734.80378 8860.23428 7967.96528 4455.97178 4015.58378 1492.77778
200330 90721 766.03813 3595.33103 6427.23833 7128.51783 9122.29133 8203.58333 4159.91533 3748.75133 2347.33333 857.37338 3405.27368 6008.46078 6986.37928 9174.02678 8250.15278 4692.14578 4228.40978 1619.77778
200331 94436 812.92933 3745.46883 6681.29633 7413.99083 9490.29383 8534.52083 4356.11333 3925.55333 2650.33333 900.70929 3545.30199 6236.85589 7214.20039 9447.06439 8495.70139 4863.73289 4383.04489 1738.88889
200401 98584 863.98729 3922.06199 6986.43189 7739.43439 9897.34139 8900.57639 4565.51689 4114.26089 2999.38889 953.43427 3687.27457 6465.41767 7451.86017 9739.65917 8758.85417 5071.78067 4570.55267 1896.16667
200402 102494 897.21109 4064.73569 7240.22689 8036.03389 10287.86189 9251.76389 4777.49489 4305.28289 3360.88889 999.88087 3814.42247 6676.60667 7677.08067 10021.34267 9012.16667 5265.34867 4744.98467 2060.66667
200403 106555 932.54611 4226.49511 7529.74911 8346.89011 10678.18761 9602.79861 4989.43211 4496.29011 3775.11111 1051.32758 3951.33998 6905.00178 7914.05378 10312.72828 9274.21528 5456.13478 4916.92078 2195.77778
200404 109584 956.88091 4352.14631 7751.72111 8593.18011 10993.43961 9886.29861 5145.65411 4637.06811 4025.11111 1085.32909 4058.34769 7088.68689 8094.09189 10525.92639 9465.95139 5588.27189 5036.00589 2299.88889
200405 112020 982.10411 4453.44711 7934.76911 8789.84811 11240.51211 10108.48611 5263.47811 4743.24411 4224.11111 1110.66349 4152.64729 7255.95489 8245.11789 10694.18589 9617.26389 5693.99789 5131.27989 2378.88889
200406 115229 1015.55011 4579.19811 8155.16311 9030.61711 11545.96461 10383.17361 5419.17411 4883.54811 4517.61111 1140.88669 4259.47109 7450.04889 8439.14489 10927.08039 9826.70139 5869.15589 5289.12189 2497.38889
200407 118435 1063.21882 4710.73762 8377.24622 9263.81022 11834.84822 10642.97222 5594.44322 5041.50122 4843.22222 1188.33349 4378.49329 7640.98689 8622.75389 11141.62689 10019.63889 6014.85789 5420.41989 2635.88889
200408 121606 1104.99842 4841.52202 8602.37422 9505.64622 12138.63272 10916.15972 5768.02322 5197.92122 5199.22222 1223.11269 4480.29309 7816.14489 8792.75289 11341.57839 10199.45139 6159.50789 5550.76989 2767.88889
200409 124649 1126.55522 4957.06122 8808.56622 9728.13422 12418.85672 11168.15972 5916.35522 5331.58922 5519.22222 1259.78109 4598.35369 8017.60289 8978.39789 11551.74639 10388.45139 6305.73589 5682.54189 2891.88889
200410 127021 1151.55633 5054.67783 8981.46833 9900.31083 12624.96583 11353.52083 6037.70933 5440.95733 5787.33333 1289.11549 4680.68679 8160.93789 9118.26339 11716.87839 10536.95139 6418.56289 5784.21489 2982.88889
200411 129192 1187.61324 5144.61314 9134.11944 10057.18794 12816.68844 11525.94444 6137.23444 5530.65444 6022.44444 1324.28369 4774.12959 8317.15989 9252.37839 11860.11789 10665.76389 6510.61289 5867.16489 3063.88889
200412 130941 1205.72524 5213.07064 9253.25844 10185.16344 12977.44194 11670.50694 6212.45244 5598.43644 6235.44444 1343.95129 4848.29149 8446.81889 9361.06989 11973.75039 10767.95139 6580.04489 5929.73289 3137.88889
200413 132596 1227.83716 5284.03796 9379.08356 10305.17556 13116.83106 11795.86806 6293.56756 5671.54356 6434.55556 1362.6188 4906.8162 8546.87 9456.391 12084.3665 10867.4375 6651.692 5994.308 3217
200414 134508 1251.78256 5363.94506 9519.78856 10443.25806 13280.50356 11943.05556 6386.14356 5754.96756 6643.55556 1388.7866 4979.8219 8670.217 9571.4945 12215.93 10985.75 6729.54 6064.46 3315
200415 136566 1276.89496 5447.18516 9660.49356 10591.01256 13463.56656 12107.68056 6483.45356 5842.65756 6877.05556 1414.4546 5066.3994 8816.708 9693.074 12341.864 11099 6820.012 6145.988 3418.5
200416 138590 1314.00776 5535.60836 9803.56556 10735.86856 13638.91506 12265.36806 6578.65956 5928.45156 7069.55556 1444.0114 5160.6356 8980.294 9824.735 12474.2615 11218.0625 6904.698 6222.302 3491
200417 140656 1338.45327 5613.71307 9938.33267 10878.91567 13817.29367 12425.79167 6668.71667 6009.61667 7282.16667 1482.4574 5269.5546 9167.024 9965.68 12606.659 11337.125 6990.962 6300.038 3563.5
200418 142210 1357.89847 5682.28387 10060.36467 10986.52367 13934.88767 12531.54167 6758.13667 6090.19667 7435.16667 1511.125 5334.38 9278.01 10061.369 12709.241 11429.375 7063.024 6364.976 3621.5
200419 143409 1376.34398 5732.24758 10138.84978 11067.57778 14034.24478 12620.90278 6816.63378 6142.92178 7563.27778 1527.0146 5386.9894 9369.008 10139.68 12793.058 11504.75 7114.572 6411.428 3669.5
200420 144904 1396.67798 5794.93258 10250.88778 11172.52878 14154.54928 12729.09028 6883.43578 6203.11978 7719.27778 1545.6818 5442.5552 9469.474 10234.789 12902.9375 11603.5625 7186.108 6475.892 3738.5
200421 146319 1424.45718 5857.01938 10346.61978 11267.19478 14267.34778 12830.52778 6957.33878 6269.71678 7877.77778 1567.68291 5507.95431 9577.94111 10320.69411 12987.90811 11679.98611 7252.75811 6535.96411 3790.11111
200422 147938 1447.347 5926.275 10466.244 11385.41 14408.099 12957.125 7022.522 6328.478 8059 1596.01731 5583.58091 9707.86311 10426.89111 13096.32811 11777.48611 7312.98511 6590.23711 3846.11111
200423 149414 1472.237 5987.092 10565.658 11484.049 14525.9015 13063.0625 7099.318 6397.682 8234 1633.57451 5653.93871 9815.69311 10513.51411 13183.27261 11855.67361 7375.05311 6646.16911 3908.11111
200424 150810 1500.127 6043.701 10656.656 11577.024 14639.117 13164.875 7164.016 6455.984 8361 1651.57531 5726.37291 9944.56311 10610.03311 13273.13611 11936.48611 7438.69911 6703.52311 3963.11111
200425 151885 1513.9054 6085.9536 10728.718 11656.683 14740.865 13256.375 7213.986 6501.014 8465 1674.90931 5778.80091 10036.08711 10682.31511 13344.44311 12000.61111 7470.25911 6731.96311 4003.11111
200426 152641 1523.4614 6114.3306 10776.584 11710.1 14809.4615 13318.0625 7243.442 6527.558 8549 1691.90971 5812.78251 10096.05111 10731.64111 13395.10861 12046.17361 7501.29311 6759.92911 4034.11111
200427 153741 1540.0178 6161.0407 10853.117 11784.8965 14897.8655 13397.5625 7290.782 6570.218 8635 1709.24411 5877.49461 10204.14411 10809.11361 13463.49661 12107.67361 7553.89311 6807.32911 4078.11111
200428 154757 1563.9074 6208.9161 10934.647 11859.6175 14982.0995 13473.3125 7335.492 6610.508 8721 1731.80051 5923.54721 10279.36211 10871.94261 13528.96561 12166.54861 7597.55111 6846.67111 4121.11111
200429 155786 1589.1306 6256.3019 11009.865 11930.1425 15062.9975 13546.0625 7381.254 6651.746 8834 1757.57931 5974.27041 10360.36611 10937.09261 13594.43461 12225.42361 7634.37111 6879.85111 4161.11111
200430 156863 1612.2426 6303.3249 11086.135 12000.8815 15143.4785 13618.4375 7438.062 6702.938 8933 1771.02451 6022.59021 10441.89611 11010.14961 13675.33261 12298.17361 7679.08111 6920.14111 4206.11111
200501 157691 1627.4654 6343.5551 11155.041 12062.0105 15210.6155 13678.8125 7470.148 6731.852 9007 1789.02531 6064.77941 10510.27611 11064.82761 13729.95961 12347.29861 7715.37511 6952.84711 4230.11111
200502 158354 1644.5774 6375.4556 11201.066 12108.449 15266.702 13729.25 7498.026 6756.974 9051 1816.13771 6104.36151 10563.66511 11109.85211 13777.28911 12389.86111 7734.83711 6970.38511 4256.11111
200503 158932 1659.5778 6399.7062 11241.568 12150.696 15318.827 13776.125 7515.91 6773.09 9081 1831.47171 6137.59051 10616.79111 11155.29111 13825.66111 12433.36111 7752.72111 6986.50111 4276.11111
200504 159717 1678.5228 6437.0842 11305.214 12206.595 15379.709 13830.875 7545.892 6800.108 9138 1851.97231 6180.14691 10689.90511 11209.16411 13874.86711 12477.61111 7787.43711 7017.78511 4306.11111
200505 160575 1699.8568 6474.1267 11365.967 12263.8295 15445.595 13890.125 7581.134 6831.866 9205 1873.08431 6229.14241 10770.12011 11272.54161 13937.41711 12533.86111 7820.04911 7047.17311 4334.11111
200506 161457 1716.8572 6508.6343 11426.983 12324.4975 15518.153 13955.375 7622.688 6869.312 9287 1897.64071 6273.35401 10841.65611 11329.31761 13993.71211 12584.48611 7862.65511 7085.56711 4359.11111
200507 162271 1736.7468 6545.4637 11486.421 12383.4925 15588.626 14018.75 7653.196 6896.804 9344 1918.75271 6313.53901 10904.25011 11384.17061 14053.34311 12638.11111 7901.57911 7120.64311 4383.11111
200508 163041 1756.0254 6579.4591 11537.969 12434.8505 15650.1335 14074.0625 7682.126 6922.874 9404 1935.14251 6357.36521 10973.68211 11439.79061 14109.01261 12688.17361 7932.08711 7148.13511 4416.11111
200509 163643 1765.359 6603.4285 11580.575 12478.5655 15703.5095 14122.0625 7704.744 6943.256 9445 1945.14291 6390.29481 11031.54211 11486.92061 14156.96761 12731.29861 7955.75711 7169.46511 4429.11111
200510 164066 1776.3594 6621.1041 11607.927 12507.0095 15738.5375 14153.5625 7721.05 6957.95 9465.5 1959.36571 6415.53401 11070.46611 11517.71861 14187.40861 12758.67361 7977.32311 7188.89911 4441.61111
200511 164727 1795.5826 6653.1044 11652.374 12552.295 15793.5815 14203.0625 7742.09 6976.91 9505.5 1970.14411 6454.76211 11136.47911 11572.48711 14244.12061 12809.67361 7999.94111 7209.28111 4455.61111
200512 165346 1806.8054 6677.8176 11690.246 12591.823 15842.3705 14246.9375 7767.864 7000.136 9546.5 1984.14491 6490.90231 11192.76111 11618.77611 14291.65861 12852.42361 8026.76711 7233.45511 4484.61111
200513 166021 1821.917 6706.639 11738.112 12640.56 15901.5845 14300.1875 7790.482 7020.518 9595.5 2007.36811 6530.13511 11251.67311 11666.53611 14340.03061 12895.92361 8050.96311 7255.25911 4507.61111
200514 166627 1831.9732 6733.5968 11779.14 12682.498 15952.667 14346.125 7816.782 7044.218 9652.5 2023.97991 6557.27431 11292.17511 11704.51911 14383.60711 12935.11111 8076.73711 7278.48511 4535.61111
200515 167311 1851.4184 6760.8766 11818.59 12724.219 16004.5835 14392.8125 7843.608 7068.392 9698.5 2046.75871 6602.73751 11362.65911 11762.22511 14442.61261 12988.17361 8098.82911 7298.39311 4545.61111
200516 167795 1869.1968 6787.6122 11859.618 12759.397 16042.1135 14426.5625 7857.81 7081.19 9735.5 2061.20351 6629.17371 11408.42111 11799.30211 14480.14261 13021.92361 8108.29711 7306.92511 4560.61111
200517 168173 1881.3084 6807.0971 11888.811 12784.1075 16068.176 14450 7868.33 7090.67 9750.5 2076.75982 6659.06312 11452.97922 11832.94672 14511.73722 13050.34722 8117.35022 7315.09422 4567.72222
200518 168795 1904.4204 6840.3126 11937.466 12827.337 16115.714 14492.75 7888.844 7109.156 9773.5 2105.98342 6703.21602 11513.73222 11880.40522 14558.02422 13091.97222 8140.49422 7335.95022 4575.72222
200519 169315 1917.532 6865.452 11977.968 12865.528 16159.7075 14532.3125 7901.994 7121.006 9813.5 2122.98382 6729.83362 11558.96822 11917.16722 14595.34572 13125.53472 8161.00822 7354.43622 4594.72222
200520 169996 1941.866 6894.21 12022.152 12909.876 16213.0835 14580.3125 7925.138 7141.862 9848.5 2145.42902 6774.47142 11633.13422 11973.33422 14648.30472 13173.15972 8183.10022 7374.34422 4613.72222
200521 170397 1953.5332 6914.5338 12052.134 12940.311 16249.988 14613.5 7941.444 7156.556 9875.5 2162.31862 6800.78082 11671.53222 12000.28122 14671.44822 13193.97222 8193.09422 7383.35022 4622.72222
200522 170827 1965.64471 6933.50401 12081.96411 12971.06361 16287.62911 14647.36111 7954.70511 7168.51711 9901.61111 2179.09702 6827.12192 11711.77122 12030.77472 14700.22122 13219.84722 8211.50422 7399.94022 4634.72222
200523 171176 1972.64511 6950.39061 12107.73811 12994.92261 16314.73411 14671.73611 7968.90711 7181.31511 9920.61111 2190.20862 6846.73832 11741.22722 12057.15072 14729.41122 13246.09722 8225.18022 7412.26422 4644.72222
200524 171462 1981.08991 6965.25481 12130.35611 13016.26761 16339.33711 14693.86111 7979.42711 7190.79511 9936.61111 2199.43102 6864.82192 11773.83922 12077.92872 14744.84022 13259.97222 8234.12222 7420.32222 4653.72222
200525 171907 1991.31271 6985.10251 12158.49711 13041.70011 16367.69311 14719.36111 7996.78511 7206.43711 9963.61111 2217.98742 6899.43402 11826.17622 12115.14722 14777.36622 13289.22222 8253.05822 7437.38622 4660.72222
200526 172463 2006.09111 7008.94511 12193.73911 13079.44511 16415.02261 14761.92361 8015.19511 7223.02711 9990.61111 2238.32182 6941.65962 11889.29622 12159.08322 14814.68772 13322.78472 8274.62422 7456.82022 4671.72222
200527 172982 2024.20311 7042.29211 12242.65711 13116.02011 16449.00811 14792.48611 8035.18311 7241.03911 10022.61111 2247.54462 6971.89582 11938.21422 12197.32222 14852.00922 13356.34722 8295.13822 7475.30622 4682.72222
200528 173411 2039.48171 7066.29351 12274.21711 13146.15211 16484.03611 14823.98611 8048.85911 7253.36311 10055.61111 2266.04553 6997.68613 11971.46333 12226.32633 14883.39533 13384.58333 8306.29533 7485.37133 4697.83333
200529 173786 2059.59371 7089.38351 12302.62111 13171.48211 16511.97511 14849.11111 8063.06111 7266.16111 10073.61111 2288.82424 7022.90964 12003.13444 12249.91344 14905.19044 13404.19444 8316.92644 7494.96244 4712.94444
200530 174127 2072.81651 7109.36271 12331.02511 13194.52411 16535.32711 14870.11111 8069.89911 7272.32311 10087.61111 2306.38064 7050.02624 12040.48044 12279.03844 14933.54644 13429.69444 8324.29044 7501.59844 4718.94444
200531 174333 2079.15011 7121.23411 12349.43511 13208.98111 16549.50511 14882.86111 8078.84111 7280.38111 10094.61111 2316.38096 7064.29416 12062.68356 12295.08356 14947.83556 13442.55556 8329.66156 7506.44956 4723.05556
200601 174566 2086.48371 7134.68351 12371.00111 13224.70411 16563.68311 14895.61111 8085.67911 7286.54311 10105.61111 2325.82576 7081.52536 12090.03556 12314.16756 14964.09856 13457.18056 8338.60356 7514.50756 4726.05556
200602 174902 2107.59571 7158.95701 12401.77211 13247.86361 16585.36711 14915.11111 8091.99111 7292.23111 10117.61111 2348.49296 7101.45466 12119.22856 12338.56606 14989.53556 13480.05556 8350.17556 7524.93556 4731.05556
200603 175364 2123.15211 7188.17761 12443.32611 13281.48461 16619.35261 14945.67361 8101.45911 7300.76311 10135.61111 2373.16056 7137.35006 12172.35456 12375.78906 15021.43606 13508.74306 8363.85156 7537.25956 4735.05556
200604 175802 2148.04211 7215.06761 12474.88611 13305.48061 16642.07911 14966.11111 8114.87211 7312.85011 10155.61111 2395.60616 7173.36346 12221.27256 12414.23606 15059.17456 13542.68056 8374.10856 7546.50256 4740.05556
200605 176181 2166.48731 7237.61341 12504.86811 13330.61161 16668.35011 14989.73611 8128.02211 7324.70011 10172.61111 2413.05127 7198.81357 12258.72967 12442.43217 15085.55667 13566.41667 8385.26567 7556.56767 4751.16667
200606 176447 2178.59891 7252.49581 12524.85611 13347.98961 16687.11511 15006.61111 8134.86011 7330.86211 10182.61111 2428.38527 7219.94457 12287.65967 12464.22917 15105.98967 13584.79167 8393.68167 7564.15167 4752.16667
200607 176628 2188.93251 7262.26321 12539.05811 13359.71861 16699.20811 15017.48611 8140.12011 7335.60211 10186.61111 2435.60767 7231.71617 12307.64767 12477.44717 15116.41467 13594.16667 8402.09767 7571.73567 4762.16667
200608 176995 2201.37731 7279.88891 12567.19911 13383.90311 16725.06211 15040.73611 8152.74411 7346.97811 10198.61111 2454.27527 7260.64207 12346.83467 12508.35067 15146.85567 13621.54167 8413.66967 7582.16367 4764.16667
200609 177396 2214.71131 7301.15141 12596.39211 13410.38161 16754.66911 15067.36111 8160.63411 7354.08811 10212.61111 2467.72047 7294.36537 12399.17167 12545.77717 15179.79867 13651.16667 8423.13767 7590.69567 4772.16667
200610 177879 2245.37931 7333.02491 12633.47511 13440.96111 16786.15261 15095.67361 8171.15411 7363.56811 10229.61111 2495.72167 7330.42867 12447.30067 12584.11567 15217.95417 13685.47917 8435.23567 7601.59767 4782.16667
200611 178178 2257.99111 7351.09061 12655.83011 13459.08061 16804.50061 15112.17361 8179.57011 7371.15211 10244.61111 2512.00027 7355.08757 12480.17567 12608.11917 15239.63817 13704.97917 8444.70367 7610.12967 4787.16667
200612 178535 2283.21431 7373.62291 12681.34111 13480.33811 16826.60161 15132.04861 8188.51211 7379.21011 10269.61111 2528.11187 7375.09847 12510.42067 12636.47567 15272.16417 13734.22917 8451.54167 7616.29167 4796.16667
200613 178878 2307.54871 7398.35901 12709.48211 13502.65061 16848.70261 15151.92361 8193.24611 7383.47611 10281.61111 2550.11307 7404.06077 12544.34767 12663.39717 15298.85217 13758.22917 8457.85367 7621.97967 4802.16667
200614 179136 2315.43791 7411.72681 12729.99611 13519.19961 16865.38261 15166.92361 8199.03211 7388.69011 10290.61111 2561.66907 7424.02177 12575.38167 12688.32617 15323.87217 13780.72917 8464.16567 7627.66767 4803.16667
200615 179529 2326.99391 7429.58381 12756.82211 13547.43261 16900.41061 15198.42361 8206.92211 7395.80011 10301.61111 2577.89187 7450.31297 12616.40967 12725.16817 15364.73817 13817.47917 8469.95167 7632.88167 4810.16667
200616 180483 2354.43951 7469.80521 12814.15611 13600.90361 16961.50111 15253.36111 8218.49411 7406.22811 10318.61111 2604.00427 7525.00557 12740.01967 12838.50517 15492.54867 13932.41667 8486.25767 7647.57567 4819.16667
200617 181169 2384.82971 7504.34951 12857.02511 13638.27611 17001.95011 15289.73611 8231.38111 7417.84111 10333.11111 2634.72807 7579.04827 12816.55267 12910.38967 15575.11467 14006.66667 8499.67067 7659.66267 4828.66667
200618 181720 2414.88687 7546.17747 12908.62867 13674.60967 17033.28067 15317.91667 8246.69067 7431.64267 10340.16667 2666.56242 7618.25502 12874.46822 12955.70322 15619.37222 14046.47222 8513.40222 7672.04222 4839.72222
200619 182435 2455.33327 7589.13807 12955.44267 13716.89267 17080.40167 15360.29167 8262.47067 7445.86267 10356.16667 2713.12002 7676.83242 12950.73822 13020.41022 15687.76022 14107.97222 8526.55222 7683.89222 4845.72222
200620 182877 2473.55638 7613.91718 12987.11378 13742.35178 17105.94978 15383.27778 8271.52378 7454.03178 10365.27778 2734.01002 7717.13542 13009.12422 13062.55122 15725.29022 14141.72222 8541.28022 7697.16422 4851.72222
200621 183219 2488.33478 7633.94628 13014.72878 13765.28528 17129.71878 15404.65278 8275.20578 7457.34978 10366.27778 2748.12162 7740.82832 13046.73322 13098.22972 15766.57322 14178.84722 8546.54022 7701.90422 4855.72222
200622 183730 2507.44678 7660.45528 13049.97078 13798.55828 17168.08278 15439.15278 8283.62178 7464.93378 10371.27778 2771.78913 7778.31303 13104.70433 13148.79883 15821.31133 14228.08333 8559.27533 7713.39133 4860.83333
200623 184230 2524.44758 7689.23148 13091.52478 13834.98728 17207.69778 15474.77778 8295.71978 7475.83578 10381.27778 2796.23464 7808.81474 13144.26544 13191.56694 15875.21544 14276.56944 8570.95844 7723.93044 4866.94444
200624 184705 2543.44838 7717.48168 13132.02678 13869.12228 17243.55978 15507.02778 8302.03178 7481.52378 10395.27778 2816.23544 7842.06194 13194.76144 13234.49494 15920.66844 14317.44444 8582.00444 7733.88444 4871.94444
200625 185185 2566.56038 7745.04268 13169.37278 13902.82328 17281.08978 15540.77778 8310.44778 7489.10778 10407.27778 2843.57016 7875.67446 13234.32256 13273.10306 15966.23256 14358.43056 8595.26556 7745.84556 4880.05556
200626 185687 2593.56158 7777.02948 13209.34878 13937.16328 17317.78578 15573.77778 8323.59778 7500.95778 10417.27778 2869.79336 7911.75126 13286.92256 13315.62706 16009.18356 14397.05556 8604.73356 7754.37756 4887.05556
200627 186019 2606.56238 7803.04418 13245.37978 13963.99278 17342.59728 15596.09028 8330.96178 7507.59378 10421.27778 2886.34936 7931.84376 13318.21956 13342.42956 16037.74806 14422.74306 8611.04556 7760.06556 4891.05556
200628 186285 2625.00758 7821.38198 13266.94578 13982.62778 17362.61328 15614.09028 8334.64378 7510.91178 10426.27778 2903.46087 7948.05247 13342.52667 13364.31067 16062.04517 14444.60417 8616.41667 7764.91667 4894.16667
200629 186735 2643.23078 7851.14678 13306.92178 14015.09578 17395.55628 15643.71528 8346.21578 7521.33978 10432.27778 2922.23927 7981.88907 13397.75667 13404.76967 16098.74117 14477.60417 8625.88467 7773.44867 4897.16667
200630 187183 2669.67638 7882.68918 13346.89778 14046.00378 17425.37178 15670.52778 8355.15778 7529.39778 10442.27778 2943.35127 8014.18407 13444.57067 13440.91667 16133.56067 14508.91667 8638.50867 7784.82467 4906.16667
200701 187619 2695.12198 7912.52208 13383.45478 14074.60428 17453.31078 15695.65278 8365.67778 7538.87778 10454.27778 2966.01887 8044.42497 13486.38767 13477.03517 16172.34167 14543.79167 8649.02867 7794.30467 4912.16667
200702 188010 2715.78938 7936.42368 13416.59278 14101.62528 17480.83278 15720.40278 8372.51578 7545.03978 10460.27778 2977.79707 8073.89477 13536.88367 13512.47517 16202.78267 14571.16667 8662.70467 7806.62867 4916.16667
200703 188411 2746.56818 7960.32088 13443.94478 14125.28528 17506.26978 15743.27778 8384.08778 7555.46778 10469.27778 3001.57587 8100.42197 13569.49567 13546.14917 16244.06567 14608.29167 8671.64667 7814.68667 4920.16667
200704 188702 2766.67978 7977.57028 13468.66678 14144.77028 17525.45178 15760.52778 8392.50378 7563.05178 10478.27778 3019.79867 8120.92717 13598.95167 13568.57317 16265.33267 14627.41667 8680.06267 7822.27067 4921.16667
200705 188936 2778.01338 7990.49368 13489.18078 14161.11128 17541.71478 15775.15278 8396.71178 7566.84378 10479.27778 3034.24347 8136.58037 13623.14767 13588.67917 16286.18267 14646.16667 8687.95267 7829.38067 4925.16667
200706 189299 2794.01409 8011.91719 13517.69589 14184.05639 17564.76089 15795.88889 8406.81689 7575.96089 10488.38889 3053.13338 8163.74468 13656.92278 13620.18228 16322.15578 14678.52778 8696.47978 7837.07578 4931.27778
200707 189678 2815.45969 8041.61859 13553.98989 14208.80739 17585.19389 15814.26389 8414.70689 7583.07089 10493.38889 3075.02298 8193.73608 13702.68478 13654.13928 16353.43078 14706.65278 8704.89578 7844.65978 4932.27778
200708 190071 2837.46049 8066.44979 13587.65389 14235.20739 17611.04789 15837.51389 8427.33089 7594.44689 10496.38889 3098.24618 8220.87088 13737.40078 13685.32928 16388.04178 14737.77778 8716.99378 7855.56178 4937.27778
200709 190449 2861.73909 8093.60719 13625.52589 14263.91939 17638.15289 15861.88889 8435.22089 7601.55689 10500.38889 3117.52478 8243.03128 13765.27878 13714.19228 16423.48678 14769.65278 8729.61778 7866.93778 4937.27778
200710 190897 2887.18429 8120.36099 13663.92389 14292.94639 17665.46639 15886.45139 8449.42289 7614.35489 10506.38889 3144.08149 8279.94479 13815.88589 13752.75939 16460.08539 14802.57639 8738.14489 7874.63289 4942.38889
200711 191243 2904.18469 8136.72159 13688.64589 14313.05539 17685.89939 15904.82639 8458.36489 7622.41289 10512.38889 3167.63789 8308.37639 13855.86189 13783.35539 16489.27539 14828.82639 8752.34689 7887.43089 4943.38889
200712 191480 2915.29629 8153.97099 13713.36789 14331.29239 17702.57939 15919.82639 8464.67689 7628.10089 10519.38889 3173.41589 8320.85539 13876.37589 13803.64839 16513.46139 14850.57639 8757.60689 7892.17089 4943.38889
200713 191948 2930.90809 8186.63319 13764.91589 14369.44239 17737.60739 15951.32639 8474.14489 7636.63289 10521.38889 3193.02769 8349.83559 13920.55989 13843.21239 16557.24639 14889.95139 8771.80889 7904.96889 4944.38889
200714 192413 2950.35369 8220.54259 13809.62589 14402.35339 17767.63139 15978.32639 8486.24289 7647.53489 10531.38889 3215.25089 8384.33439 13970.00389 13881.55839 16594.35939 14923.32639 8784.43289 7916.34489 4949.38889
200715 192977 2976.02169 8259.38559 13860.64789 14440.81239 17803.70189 16010.76389 8496.23689 7656.54089 10544.38889 3249.69689 8429.08139 14028.38989 13928.79539 16642.10589 14966.26389 8800.21289 7930.56489 4953.38889
200716 193459 2998.57809 8290.18419 13905.35789 14475.38739 17837.06189 16040.76389 8509.91289 7668.86489 10550.38889 3282.80889 8461.90239 14076.25589 13967.75639 16681.72089 15001.88889 8812.83689 7941.94089 4955.38889
200717 193983 3023.13449 8324.66479 13957.43189 14515.62039 17875.84289 16075.63889 8522.01089 7679.76689 10556.38889 3302.69889 8500.36439 14130.95989 14011.54039 16725.50589 15041.26389 8824.93489 7952.84289 4962.38889
200718 194478 3036.24649 8356.03929 14002.40489 14552.38089 17913.37289 16109.38889 8533.05689 7689.72089 10566.38889 3329.14449 8534.93129 14176.98489 14052.88289 16771.37589 15082.51389 8838.08489 7964.69289 4968.38889
200719 194862 3050.69169 8379.37409 14033.96489 14581.99289 17947.35839 16139.95139 8543.57689 7699.20089 10579.38889 3346.81169 8556.04409 14208.54489 14083.53489 16807.44639 15114.95139 8845.97489 7971.80289 4971.38889
200720 195464 3075.804 8423.4385 14097.985 14629.1645 17990.4205 16178.6875 8556.838 7711.162 10591.5 3378.14609 8595.50819 14266.14189 14130.35139 16854.98439 15157.70139 8862.80689 7986.97089 4976.38889
200721 196059 3095.2492 8461.7643 14159.527 14675.6915 18034.2055 16218.0625 8573.144 7725.856 10601.5 3399.92489 8638.86739 14332.41789 14182.31339 16905.85839 15203.45139 8873.85289 7996.92489 4980.38889
200722 196735 3122.6396 8509.0914 14223.962 14730.451 18092.1685 16270.1875 8584.716 7736.284 10606.5 3435.64849 8686.70229 14400.53489 14236.67789 16960.06839 15252.20139 8889.63289 8011.14489 4986.38889
200723 197374 3158.1968 8554.3327 14281.559 14776.0195 18137.2045 16310.6875 8595.236 7745.764 10622.5 3466.7612 8732.9253 14460.873 14289.6525 17017.7255 15304.0625 8904.998 8025.002 4990.5
200724 198101 3191.4756 8595.8509 14344.153 14830.1445 18195.376 16363 8606.808 7756.192 10634.5 3501.152 8787.8025 14532.409 14350.4845 17082.152 15362 8926.038 8043.962 4997.5
200725 198684 3210.7542 8629.3203 14394.649 14878.0645 18250.837 16412.875 8617.065 7765.435 10652 3517.43051 8824.96521 14591.95811 14401.06261 17135.63911 15410.11111 8936.93211 8053.79011 5001.11111
200726 199129 3222.3102 8656.3823 14439.885 14913.6825 18285.865 16444.375 8626.533 7773.967 10657 3533.98691 8857.60481 14640.35011 14440.65061 17176.08811 15446.48611 8947.45211 8063.27011 5003.11111
200727 199810 3245.089 8699.347 14505.372 14967.096 18340.2835 16493.3125 8643.891 7789.609 10668 3561.09971 8915.12551 14721.61711 14498.93811 17227.58761 15492.79861 8960.07611 8074.64611 5006.11111
200728 200540 3281.20171 8747.80551 14570.18111 15019.05611 18392.31111 16540.11111 8659.78211 7803.94011 10674.11111 3593.54562 8970.40382 14802.73222 14561.18322 17287.12122 15546.34722 8980.17522 8092.76922 5017.22222
200729 201310 3319.64811 8803.12711 14641.71711 15076.45611 18449.85711 16591.86111 8671.88011 7814.84211 10688.11111 3624.32473 9027.24193 14889.63333 14629.80533 17354.78633 15607.20833 8990.28033 8101.88633 5027.33333
200730 202047 3347.76091 8856.57131 14714.83111 15132.61711 18503.65011 16640.23611 8685.55611 7827.16611 10701.11111 3665.32673 9088.79393 14972.74133 14691.43133 17411.49833 15658.20833 9003.43033 8113.73633 5032.33333
200731 202905 3382.54042 8921.48552 14809.88522 15200.86972 18564.01772 16694.53472 8707.75922 7847.18522 10722.22222 3693.10624 9150.02614 15060.43144 14757.76994 17473.95094 15714.38194 9026.68544 8134.70344 5043.44444
200801 203596 3402.98562 8966.38632 14884.57722 15259.53572 18621.56372 16746.28472 8723.27622 7861.16822 10738.22222 3722.44104 9198.35534 15127.75944 14811.81794 17528.16094 15763.13194 9042.72844 8149.16044 5048.44444
200802 204151 3429.87562 9006.03182 14941.64822 15302.81322 18662.42972 16783.03472 8732.74422 7869.70022 10748.22222 3746.33104 9241.41984 15191.66844 14856.79844 17566.94194 15798.00694 9059.03444 8163.85444 5050.44444
200803 205051 3463.09922 9067.54272 15037.11722 15372.10172 18724.56272 16838.90972 8750.62822 7885.81622 10764.22222 3778.99953 9315.36463 15302.22833 14936.00083 17636.63583 15860.77083 9077.28133 8180.38533 5059.33333
200804 205981 3500.65642 9129.09002 15127.32622 15446.35222 18800.87372 16907.53472 8762.72622 7896.71822 10775.22222 3817.66833 9393.63533 15416.10733 15017.25033 17707.94283 15924.89583 9096.74333 8197.92333 5062.33333
200805 206989 3543.54762 9204.79882 15232.52622 15519.12822 18862.17272 16962.65972 8780.87322 7913.07122 10782.22222 3857.00398 9483.72758 15549.62978 15110.18178 17786.78328 15995.84028 9116.38678 8215.66878 5072.77778
200806 208056 3601.16162 9279.44682 15324.05022 15589.95422 18930.56072 17024.15972 8801.38722 7931.55722 10803.22222 3906.6174 9574.3866 15684.508 15204.98 17868.3205 16069.1875 9143.435 8240.065 5079
200807 209099 3654.22022 9353.67772 15411.62922 15661.38172 19003.32722 17089.59722 8815.06322 7943.88122 10810.22222 3969.67582 9670.73212 15819.64922 15299.57172 17949.23222 16141.97222 9161.01522 8255.92922 5088.22222
200808 209930 3687.72218 9417.73388 15500.57878 15724.03228 19057.38428 17138.21528 8826.69078 7954.36478 10819.27778 4008.06698 9748.94508 15930.69078 15372.74828 18006.62528 16193.59028 9176.32478 8269.73078 5097.27778
200809 210545 3716.33438 9460.05018 15563.43578 15770.56678 19100.12678 17176.65278 8840.36678 7966.68878 10824.27778 4039.79069 9804.31409 16011.54289 15427.19189 18050.72989 16233.26389 9183.79989 8276.47789 5099.38889
200810 211795 3773.55998 9562.46758 15700.72178 15871.29378 19191.65828 17258.96528 8857.72478 7982.33078 10834.27778 4088.23771 9907.10751 16165.35711 15537.17811 18147.48761 16320.29861 9198.75011 8289.97211 5107.61111
200811 213020 3837.67438 9656.10618 15822.22778 15958.82678 19269.42878 17328.90278 8875.08278 7997.97278 10845.27778 4150.90762 10021.18982 16328.52822 15647.10722 18236.62822 16400.47222 9216.74522 8306.19922 5120.72222
200812 214471 3909.12238 9769.24318 15977.39778 16066.51978 19360.54328 17410.84028 8898.22678 8018.82878 10859.27778 4246.69042 10159.77502 16505.26422 15766.36322 18333.58072 16487.65972 9243.57122 8330.37322 5127.72222
200813 215882 3983.68189 9874.65589 16109.00889 16167.53289 19457.18989 17497.76389 8914.11789 8033.15989 10869.38889 4324.91682 10295.96562 16694.09822 15895.88022 18441.37522 16584.59722 9259.35122 8344.59322 5134.72222
200814 217210 4045.62929 9973.37749 16247.34689 16268.36989 19548.09589 17579.51389 8936.20989 8053.06789 10881.38889 4388.75382 10422.83762 16874.51622 16012.14122 18529.36222 16663.72222 9279.33922 8362.60522 5143.72222
200815 218163 4090.79829 10050.22899 16354.38789 16341.26039 19608.14389 17633.51389 8953.56789 8068.70989 10886.38889 4427.36673 10504.46143 17001.65633 16096.69683 18596.61033 16724.20833 9295.75633 8377.41033 5151.83333
200816 218959 4113.35509 10104.22619 16437.49589 16404.65439 19668.40039 17687.70139 8961.98389 8076.29389 10893.38889 4461.81313 10581.34903 17116.32433 16172.95883 18657.28383 16778.77083 9304.17233 8384.99433 5153.83333
200817 220504 4172.80269 10224.14659 16614.23189 16525.47039 19768.48039 17777.70139 8981.97189 8094.30589 10898.38889 4534.92824 10724.55214 17322.62744 16313.60594 18773.32094 16883.13194 9328.47944 8406.90944 5158.94444
200818 222016 4233.306 10339.4215 16778.455 16639.5655 19865.127 17864.625 9002.071 8112.429 10902.5 4610.98747 10870.84537 17541.66567 16453.70817 18878.00167 16977.29167 9352.37167 8428.46167 5165.16667
200819 223565 4294.03196 10467.41016 16959.71756 16760.87856 19962.55206 17952.24306 9020.79956 8129.31156 10911.55556 4675.04702 11014.12442 17748.17622 16593.67722 18992.52372 17080.28472 9378.99022 8452.45422 5171.22222
200820 224947 4354.53476 10568.25836 17105.41956 16862.38156 20048.87106 18029.86806 9039.20956 8145.90156 10921.55556 4738.99502 11147.51242 17943.84822 16722.50522 19093.43772 17171.03472 9402.13422 8473.31022 5178.22222
200821 226443 4421.76016 10678.40696 17262.16756 16977.15556 20152.91256 18123.43056 9056.83056 8161.78056 10937.05556 4806.66562 11284.41482 18138.99422 16857.46622 19207.07022 17273.22222 9424.48922 8493.45522 5185.72222
200822 227486 4463.87336 10757.94276 17379.46556 17059.67256 20224.01106 18187.36806 9073.13656 8176.47456 10939.05556 4840.88962 11374.25282 18283.11822 16954.07222 19284.84072 17343.15972 9442.89922 8510.04522 5191.72222
200823 228317 4497.09696 10818.00716 17472.04156 17124.88856 20280.30606 18237.99306 9084.44556 8186.66556 10941.05556 4870.89113 11449.43753 18403.15733 17033.07533 19346.66783 17398.77083 9454.31933 8520.34733 5197.83333
200824 229820 4558.43367 10939.73467 17647.83667 17239.25767 20368.19567 18317.04167 9108.22667 8208.10667 10949.16667 4926.44953 11583.34213 18614.08333 17174.99033 19461.55133 17502.08333 9472.72933 8536.93733 5211.83333
200825 231350 4615.65942 11062.96202 17823.57622 17360.01922 20468.95672 18407.65972 9136.68622 8233.75822 10958.22222 4984.89729 11728.01749 18837.16289 17312.86989 19558.55939 17589.32639 9494.87689 8556.90089 5219.88889
200826 232815 4677.82953 11171.68013 17972.01933 17467.05633 20564.14383 18493.27083 9161.78233 8256.38433 10966.33333 5045.06749 11870.91429 19052.29689 17451.16889 19662.80939 17683.07639 9515.65389 8575.62389 5227.88889
200827 234229 4721.60984 11273.52354 18124.93344 17577.75894 20663.08394 18582.25694 9183.98544 8276.40344 10976.44444 5108.95931 12002.11641 19255.81811 17581.40661 19760.19261 17770.67361 9540.59811 8598.12411 5231.11111
200828 235525 4770.77896 11374.47816 18277.84756 17677.22956 20739.50606 18650.99306 9200.13956 8290.97156 10995.55556 5160.57331 12123.18391 19440.18111 17701.53811 19852.76661 17853.92361 9561.90111 8617.32111 5236.11111
200829 236405 4802.89167 11440.68917 18378.16167 17743.22417 20791.11667 18697.41667 9211.29667 8301.03667 11000.66667 5190.01931 12203.30441 19569.31411 17789.42661 19925.11611 17918.98611 9575.05111 8629.17111 5238.11111
200830 237171 4824.55927 11495.12607 18468.37067 17806.55467 20845.53517 18746.35417 9223.65767 8312.17567 11005.66667 5218.79851 12272.09771 19678.45911 17859.72911 19978.28361 17966.79861 9587.93811 8640.78411 5240.11111
200831 238436 4864.45047 11589.90237 18611.70567 17906.27617 20930.18617 18822.47917 9243.11967 8329.71367 11011.66667 5265.02273 12382.39543 19858.83633 17977.35483 20068.99483 18048.39583 9613.93433 8664.23233 5247.33333
200901 239887 4919.56427 11694.37357 18766.87567 18015.73717 21024.84517 18907.60417 9272.31267 8356.02067 11021.66667 5322.35933 12516.31383 20061.34633 18109.96583 20171.99383 18141.02083 9642.07533 8689.59133 5253.33333
200902 241224 4960.56667 11797.66567 18925.46467 18120.74567 21107.82817 18982.22917 9293.35267 8374.98067 11035.66667 5361.91693 12633.14573 20254.12533 18236.80133 20271.23983 18230.27083 9667.32333 8712.34333 5258.33333
200903 242616 5015.06987 11909.61447 19085.36867 18228.88167 21196.02367 19061.54167 9317.54867 8396.78467 11048.66667 5424.08693 12748.00573 20417.18533 18355.14733 20377.36633 18325.70833 9699.40933 8741.25733 5268.33333
200904 244120 5079.23964 12023.31924 19250.28444 18347.61844 21301.38544 19156.31944 9342.54844 8419.34044 11066.94444 5495.59031 12874.89691 20603.14111 18483.36411 20484.81311 18422.36111 9727.56511 8766.65711 5274.61111
200905 245263 5116.35267 12102.22017 19369.64567 18440.35217 21391.26267 19237.16667 9368.01867 8442.31467 11081.16667 5538.25911 12959.74261 20730.17011 18582.57661 20581.55711 18509.36111 9748.07911 8785.14311 5279.61111
200906 246242 5146.24307 12175.45277 19485.89167 18523.17517 21463.82067 19302.41667 9388.53267 8460.80067 11088.16667 5574.59382 13033.85712 20850.73522 18665.74272 20651.30722 18572.09722 9769.23022 8804.21422 5285.72222
200907 247893 5212.85782 12300.97462 19663.99822 18652.58222 21580.01072 19406.90972 9422.77822 8491.66622 11104.22222 5631.31938 13175.73018 21067.76578 18808.26778 20762.49328 18672.09028 9805.05378 8836.50178 5297.77778
200908 249505 5260.13824 12415.08614 19839.11544 18778.08194 21690.73794 19506.50694 9466.92144 8531.46744 11135.44444 5683.48878 13303.65828 21268.96078 18945.34328 20875.50028 18773.71528 9847.92278 8875.13278 5307.77778
200909 251208 5311.64116 12537.40746 20025.43056 18914.97506 21815.32356 19618.55556 9509.63856 8569.97256 11149.55556 5740.43618 13435.78088 21474.10078 19092.00928 21004.56178 18889.77778 9882.63878 8906.41678 5329.77778
200910 252855 5357.81016 12648.18596 20200.32556 19042.95656 21931.24956 19722.80556 9556.45256 8612.15856 11165.55556 5811.16198 13570.31158 21671.61378 19229.68778 21121.73878 18995.15278 9926.29678 8945.75878 5345.77778
200911 254506 5416.31296 12758.50216 20364.96356 19166.09556 22045.71606 19825.74306 9598.26956 8649.84156 11202.55556 5872.10958 13701.01498 21869.91578 19369.86678 21243.29428 19104.46528 9969.16578 8984.38978 5363.77778
200912 255910 5453.48156 12859.49506 20528.28656 19279.86706 22142.46006 19912.74306 9636.14156 8683.96956 11223.55556 5917.5008 13804.1257 22029.253 19491.1165 21358.1915 19207.8125 9997.266 9009.734 5375
200913 257064 5487.53876 12940.50436 20657.41956 19376.49156 22232.32356 19993.55556 9657.18156 8702.92956 11243.55556 5950.55822 13891.78722 22167.02422 19588.42722 21442.43922 19283.59722 10024.31422 9034.13022 5390.22222
200914 258988 5541.15291 13074.62331 20864.71911 19532.06511 22377.49511 20124.11111 9704.31411 8745.40811 11269.61111 6019.39469 14030.32509 22381.27289 19748.51889 21591.05789 19417.26389 10078.92189 9083.35589 5404.38889
200915 260968 5584.76662 13217.89832 21099.16322 19694.19272 22513.96522 20246.84722 9759.12922 8794.81522 11311.72222 6084.12 14182.1705 22623.081 19909.8565 21720.022 19533.25 10135.841 9134.659 5422.5
200916 263031 5662.27053 13365.07813 21315.19733 19851.95133 22656.48183 20375.02083 9817.10033 8847.06633 11353.83333 6172.9572 14338.2628 22857.94 20076.348 21864.9295 19663.5625 10190.545 9183.955 5438.5
200917 265026 5728.10727 13503.95057 21524.61567 20003.34117 22791.50617 20496.47917 9860.82867 8886.50467 11387.16667 6238.90531 14494.83341 23097.64411 20249.11361 22018.49661 19801.67361 10240.88911 9229.33311 5472.61111
200918 266990 5786.99909 13643.96319 21745.75789 20161.23939 22930.17239 20621.20139 9915.22889 8935.54889 11410.38889 6301.13082 14638.55312 23319.20122 20413.97572 22170.81272 19938.65972 10289.91822 9273.52622 5493.72222
200919 268437 5834.05689 13741.62339 21896.19389 20276.08139 23039.42639 20719.45139 9948.89289 8965.88489 11434.38889 6340.85542 14744.12152 23482.78722 20537.21272 22286.32172 20042.53472 10330.94622 9310.49822 5505.72222
200920 269611 5861.78044 13819.18294 22024.59344 20372.75694 23129.97094 20800.88194 9977.87844 8992.01044 11454.44444 6372.6904 14831.5891 23624.559 20638.9695 22376.2545 20123.4375 10359.628 9336.372 5514
200921 271662 5924.95047 13957.89437 22234.68967 20534.23217 23284.69167 20940.04167 10041.48367 9049.34967 11502.66667 6427.41504 14975.91834 23864.33344 20814.14694 22534.53344 20265.81944 10404.51944 9376.86944 5528.44444
200922 273667 5976.28636 14092.58676 22452.57956 20692.79756 23427.27756 21068.30556 10092.89456 9095.71656 11536.55556 6489.19582 15132.56462 24117.35422 20989.23422 22682.01222 20398.47222 10453.18922 9420.75522 5549.22222
200923 275782 6031.73338 14230.88518 22677.40378 20859.76478 23581.16428 21206.71528 10146.24278 9143.81278 11559.27778 6553.64356 15287.81556 24361.75156 21171.81556 22851.43906 20550.86806 10518.22056 9479.39056 5570.05556
200924 277918 6094.29229 14368.43349 22885.28489 21011.23689 23717.63439 21329.45139 10201.32089 9193.45689 11600.88889 6640.4262 15462.1098 24612.572 21356.312 23019.5175 20702.0625 10587.308 9541.692 5594
200925 280131 6161.7404 14511.9596 23098.4 21187.988 23900.4745 21493.9375 10250.587 9237.913 11646 6726.43018 15619.72238 24847.97178 21536.60278 23191.59928 20856.84028 10648.86478 9597.19078 5616.77778
200926 281988 6223.7992 14637.6343 23284.867 21339.6435 24054.556 21632.5 10310.025 9291.475 11689 6789.26698 15748.14508 25035.49078 21679.73628 23327.74978 20979.27778 10694.10078 9637.95478 5632.77778
200927 283407 6263.0232 14725.7628 23425.572 21448.086 24158.806 21726.25 10350.001 9327.499 11712 6833.04698 15859.39058 25213.54178 21804.40778 23434.50178 21075.27778 10733.02478 9673.03078 5643.77778
200928 285820 6322.63782 14883.25612 23670.12122 21637.21372 24341.25722 21890.34722 10427.80822 9397.63622 11749.72222 6902.43969 16034.87459 25487.96189 22007.53139 23621.01189 21243.01389 10801.77889 9734.99889 5666.38889
200929 288324 6400.3082 15045.9608 23921.038 21827.577 24521.0535 22052.0625 10504.882 9467.118 11798 6980.88789 16211.65889 25765.92689 22217.82189 23818.96139 21421.07639 10874.34089 9800.43689 5694.88889
200930 291001 6465.58976 15212.92336 24179.35956 22036.48156 24732.11106 22241.86806 10585.15256 9539.45856 11850.05556 7075.28127 16404.36407 26061.29067 22441.30267 24029.40717 21610.35417 10945.36567 9864.46767 5726.16667
201001 293918 6549.81611 15386.96561 24444.23011 22254.86461 24956.80411 22443.98611 10664.08211 9610.64011 11909.61111 7172.5094 16619.6301 26373.279 22681.5735 24260.133 21817.875 11050.899 9959.601 5761.5
201002 297148 6646.43196 15587.14716 24749.49156 22503.73556 25210.15906 22671.86806 10762.36256 9699.24856 12008.05556 7256.56956 16836.73656 26714.94556 22943.03456 24509.42906 22042.11806 11149.29056 10048.32056 5809.05556
201003 300047 6717.76891 15755.42131 25013.04711 22726.99911 25445.69411 22883.73611 10861.80611 9788.91611 12055.61111 7324.01776 17029.45836 27025.28556 23186.18856 24747.32756 22256.05556 11250.28256 10139.32856 5840.05556
201004 302268 6767.93829 15900.89449 25249.49889 22907.39989 25617.15039 23037.95139 10932.04189 9852.23589 12089.88889 7388.85464 17189.27224 27273.42044 23367.18244 24910.55494 22402.88194 11320.10344 10202.28544 5858.44444
201005 306022 6850.72096 16139.80516 25628.88556 23213.59456 25925.77156 23315.55556 11049.21756 9957.89356 12150.55556 7481.1926 17434.3474 27670.58 23675.656 25209.474 22671.75 11436.116 10306.884 5904
201006 310101 6970.17149 16403.00529 26033.18689 23534.99189 26244.90139 23602.57639 11170.00489 10066.77289 12213.88889 7608.97647 17706.55987 28092.57267 24011.62967 25543.53217 22972.22917 11564.60067 10422.73267 5938.66667
201007 314582 7072.95473 16665.35493 26448.11933 23884.32833 26611.47183 23932.27083 11311.94333 10194.72333 12303.33333 7740.42762 18001.71482 28548.11822 24383.77222 25923.14072 23313.65972 11704.54622 10548.89822 5993.22222
201008 319293 7204.40587 16951.99197 26886.29567 24238.63317 26969.13167 24254.04167 11472.91767 10339.91567 12411.16667 7893.6572 18324.1813 29045.177 24767.8125 26293.172 23646.5 11856.023 10685.477 6052.5
201009 324506 7352.69053 17265.99913 27375.87933 24639.68033 27379.29233 24622.95833 11648.74233 10498.42433 12550.83333 8037.94218 18660.60938 29573.26978 25190.40578 26715.53678 24026.40278 12017.75678 10831.29878 6118.27778
201010 329040 7463.19636 17532.47076 27792.16756 24995.97956 27758.77606 24964.24306 11799.13756 10633.97356 12645.05556 8172.33831 18959.82291 30026.48911 25551.81011 27075.53261 24350.17361 12176.15311 10974.06911 6168.61111
201011 332803 7559.64631 17760.79141 28138.04211 25286.16861 28062.28211 25237.23611 11920.14711 10743.07511 12709.61111 8271.89889 19211.61839 30428.86789 25864.59039 27378.84389 24623.01389 12302.11889 11087.65889 6217.38889
201012 338797 7702.09727 18135.73957 28757.17367 25765.32417 28524.87367 25653.29167 12101.12067 10906.21267 12831.66667 8437.90656 19603.22906 31058.10456 26356.81006 27859.47756 25055.30556 12496.87956 11263.23156 6288.55556
201013 345295 7870.32856 18534.07556 29371.64156 26273.38456 29049.09756 26124.80556 12317.14356 11100.96756 12957.55556 8611.91522 20037.84522 31753.35422 26891.73422 28372.63722 25516.84722 12702.16022 11448.28422 6361.22222
201014 352993 8063.67187 19007.38847 30118.12067 26874.68967 29654.15017 26668.97917 12567.34167 11326.49167 13150.16667 8839.59196 20541.46216 32558.44156 27522.09056 28988.75406 26070.99306 12929.96256 11653.64856 6457.05556
201015 360923 8280.46078 19477.92228 30835.93278 27474.47928 30279.21878 27231.15278 12838.84278 11571.21278 13343.77778 9076.49304 21060.83734 33352.82744 28158.49594 29625.69344 26643.81944 13214.91744 11910.47144 6546.44444
201016 369583 8512.63862 19984.71282 31624.53622 28137.69322 30974.34272 27856.40972 13135.37322 11838.57122 13591.22222 9318.78231 21603.57291 34206.87711 28847.26411 30319.37161 27267.79861 13503.78011 12170.94211 6689.11111
201017 376854 8696.14753 20390.84113 32258.47733 28709.57133 31611.00433 28428.95833 13381.91533 12060.75133 13743.33333 9488.18024 22053.07364 34924.67444 29434.60944 30919.55944 27807.56944 13766.85044 12408.03844 6770.44444
201018 383385 8835.04433 20785.78133 32889.65133 29233.98033 32154.64683 28917.89583 13594.65633 12252.51033 13870.33333 9654.74407 22455.99927 35564.48667 29960.74467 31459.67117 28293.35417 13990.85967 12609.97367 6860.66667
201019 393365 9104.11344 21400.56844 33847.03044 30024.49744 32969.32494 29650.63194 13939.50844 12563.38044 14080.94444 9889.81171 23064.92251 36540.13511 30761.51911 32280.35461 29031.42361 14322.94711 12909.27511 6984.61111
201020 405056 9409.51751 22083.83721 34908.87611 30901.15361 33872.67111 30463.11111 14333.07111 12918.15111 14401.61111 10177.65942 23779.82352 37680.79922 31719.77072 33283.80822 29933.97222 14731.15622 13277.28822 7179.72222
201021 418602 9754.92333 22868.56033 36137.46733 31952.24233 34991.41083 31469.39583 14764.77233 13307.39433 14767.33333 10551.17831 24646.04591 39032.61511 32809.45711 34380.69661 30920.67361 15192.98011 13693.74211 7361.11111
201022 432463 10082.21813 23672.70253 37402.34133 33042.16733 36158.67483 32519.39583 15258.26733 13752.39933 15171.83333 10916.25147 25468.14487 40322.29267 33893.67367 35516.65817 31942.47917 15650.78867 14106.54467 7586.16667
201023 447460 10473.73689 24530.02589 38739.35889 34209.54189 37423.28089 33656.88889 15785.77089 14228.00689 15606.88889 11323.32689 26362.01889 41710.52489 35070.16089 36758.41289 33059.38889 16148.50289 14555.27489 7818.88889
201024 459871 10803.69789 25252.94139 39853.11189 35173.89639 38460.73439 34589.95139 16206.25589 14607.02189 15953.38889 11691.845 27127.6885 42878.567 36053.2395 37789.7225 33986.9375 16541.221 14909.279 7991.5
201025 470538 11044.98782 25847.21962 40796.74822 36017.05322 39391.85222 35427.47222 16597.85522 14960.08922 16237.22222 11974.02484 27761.96604 43880.64844 36900.53844 38681.91944 34789.56944 16870.81144 15206.57744 8151.44444
201026 486010 11428.56253 26718.30313 42152.73133 37187.06433 40646.38033 36555.95833 17163.52333 15470.14333 16739.33333 12424.04644 28718.65944 45359.07844 38118.35344 39933.83444 35915.69444 17406.38644 15689.50244 8382.44444
201027 502743 11838.58398 27689.42858 43663.19178 38484.35878 42031.88828 37802.21528 17787.14778 16032.40778 17247.77778 12873.2914 29722.1936 46907.47 39404.281 41265.8265 37113.9375 18005.348 16229.652 8644
201028 521111 12348.94273 28753.95943 45280.80433 39871.81483 43511.95783 39133.52083 18426.66333 16609.00333 17841.83333 13408.42962 30860.56032 48638.31322 40841.50972 42754.48572 38453.03472 18641.32222 16803.12222 8931.72222
201029 538859 12862.02509 29807.93919 46849.76189 41224.67339 44961.79489 40437.63889 19054.86989 17175.40789 18432.88889 13923.73282 31909.41312 50225.12522 42188.71772 44178.74722 39734.09722 19290.53922 17388.40522 9213.22222
201030 557086 13354.32949 30878.70529 48457.40289 42631.74189 46489.51489 41811.63889 19732.27989 17785.99789 19006.38889 14474.26051 33018.82271 51887.83311 43569.94411 45610.19511 41021.61111 19913.60811 17950.11411 9491.61111
201031 571040 13721.79169 31660.64459 49664.20589 43692.57339 47645.35389 42851.26389 20235.82089 18239.95689 19461.38889 14859.83667 33859.95217 53154.57767 44650.34417 46756.74767 42053.04167 20413.97067 18401.36267 9717.16667
201101 583815 14070.14244 32382.20944 50756.37044 44668.85544 48723.76944 43821.31944 20712.56544 18669.82344 19836.44444 15240.3004 34644.1436 54334.888 45633.98 47779.063 42972.625 20849.991 18794.509 9924
201102 602108 14550.38896 33436.30466 52376.72056 46080.03606 50249.39006 45193.49306 21374.54356 19266.56756 20431.55556 15767.88402 35768.73592 56020.57322 47032.74772 49227.23272 44275.15972 21476.31222 19359.13222 10221.22222
201103 621227 15098.58267 34529.36717 54019.39967 47540.40917 51855.57467 46638.16667 22037.54767 19864.28567 21017.66667 16313.74658 36946.34948 57788.35878 48498.22828 50742.95578 45638.52778 22172.89878 19987.15678 10537.77778
201104 640666 15644.44562 35657.61732 55680.95922 49031.61872 53508.40772 48124.78472 22756.25222 20512.19222 21738.22222 16875.05291 38083.69981 59489.67211 49940.35561 52265.46261 47007.92361 22865.60711 20611.61511 10872.11111
201105 660007 16166.807 36790.2755 57382.165 50498.8125 55081.065 49539.375 23469.104 21154.896 22440.5 17470.08384 39251.37454 61203.58344 51382.42794 53777.62744 48368.06944 23556.97444 21234.91444 11238.94444
201106 679246 16698.16898 37929.59058 59084.68578 51974.85378 56670.40228 50968.96528 24162.23078 21779.82478 23056.77778 18110.56093 40421.01373 62885.64933 52814.94533 55295.93483 49733.89583 24224.38633 21836.78033 11597.33333
201107 694843 17155.30371 38836.69451 60424.66311 53169.60711 57987.66211 52153.73611 24696.90211 22261.82011 23602.11111 18590.14113 41350.89253 64251.06733 53988.71233 56550.72833 50862.45833 24756.62033 22316.54633 11887.33333
201108 706626 17459.04211 39527.53561 61478.82211 54090.01261 58984.33061 53050.42361 25128.80311 22651.41911 23991.61111 18966.883 42043.1885 65239.143 54851.0015 57484.0965 51702.1875 25189.24 22706.76 12081.5
201109 724687 17951.17958 40605.50848 63103.04278 55477.54828 60458.92228 54376.96528 25772.82278 23232.23278 24579.77778 19512.46962 43143.10132 66813.47522 56192.05072 58905.70172 52981.03472 25857.01122 23308.93322 12415.22222
201110 743726 18520.59869 41698.60209 64681.23489 56915.35589 62071.52789 55827.51389 26451.81789 23844.45989 25328.38889 20104.77878 44266.86678 68429.45778 57594.94778 60417.83778 54341.27778 26514.35878 23901.69678 12815.27778
201111 763935 19093.90627 42840.29257 66365.89767 58412.01417 63716.66017 57307.22917 27172.05967 24493.77367 26257.66667 20741.09133 45498.29483 70193.27233 59087.21483 61990.35583 55755.77083 27243.79433 24559.37233 13206.33333
201112 784340 19729.10649 44047.51779 68102.08189 59974.84939 65452.13889 58868.63889 27913.31489 25162.46289 27076.88889 21392.73871 46713.77401 71892.19211 60536.86761 63528.98311 57140.11111 27974.61111 25218.61111 13615.11111
201113 804339 20299.4146 45177.3849 69752.099 61486.0975 67154.3165 60399.6875 28638.098 25815.902 27944.5 22031.82913 47893.81503 73551.78833 61986.92083 65100.75083 58553.89583 28665.84133 25841.82533 14044.83333
201114 819685 20769.27258 46050.33898 71003.38978 62657.20178 68495.49828 61605.96528 29201.38078 26323.67478 28631.27778 22503.79898 48772.88658 74799.53778 63085.86778 66299.98528 59632.59028 29177.71678 26303.33878 14371.27778
201115 830963 21081.28873 46680.52193 71939.12133 63548.29333 69529.12883 62535.64583 29593.75433 26677.41233 29097.83333 22870.15167 49401.47267 75667.74867 63886.63367 67206.76417 60448.22917 29569.37167 26656.46167 14573.16667
201116 848442 21576.09431 47687.94091 73395.23711 64891.49611 71050.41211 63903.98611 30214.31911 27236.90311 29897.61111 23427.06973 50404.67293 77087.98533 65119.28133 68535.28233 61643.20833 30211.91733 27235.74933 14922.83333
201117 867479 22080.17689 48740.31439 74956.81589 66342.21239 72702.42489 65389.88889 30966.64689 27915.13089 30854.88889 23985.82311 51475.70561 78603.22411 66464.43961 70012.73811 62972.23611 30865.83111 27825.39111 15325.11111
201118 888062 22686.8772 49893.1378 76586.03 67869.335 74453.0575 66964.5625 31757.943 28628.557 31917.5 24662.30582 52691.78962 80265.52422 67918.90522 71590.89872 64391.90972 31577.12322 28466.82122 15739.72222
201119 908613 23296.02191 51040.44181 78203.59411 69397.67461 76215.19811 68549.73611 32529.96211 29324.76011 33069.61111 25332.5648 53859.3187 81861.767 69310.1815 73095.668 65745.5 32366.219 29178.281 16236.5
201120 928682 23921.44398 52146.12658 79749.30778 70880.66078 77944.78728 70105.34028 33289.04278 30009.01278 34127.77778 25983.7658 54976.0502 83405.132 70715.648 74671.4665 67162.9375 33083.501 29824.999 16685
201121 942607 24325.57716 52920.21746 80854.92256 71939.57306 79178.30006 71214.74306 33826.31456 30493.29656 34771.55556 26434.56827 55755.73557 84469.60767 71685.39917 75759.33517 68141.35417 33594.88767 30285.94567 16955.66667
201122 953237 24614.87056 53507.29756 81715.66956 72750.95656 80112.54606 72054.99306 34228.12656 30855.48456 35335.55556 26768.53082 56342.22062 85278.83622 72422.36922 76585.71672 68884.65972 33967.79922 30622.14522 17189.22222
201123 970141 25108.39896 54460.89466 83052.92056 74029.78806 81600.52556 73393.30556 34870.00556 31434.10556 36212.05556 27336.83842 57304.51552 86605.04122 73580.91372 77841.42722 70014.09722 34564.44222 31160.00222 17571.72222
201124 988224 25599.37107 55453.66377 84482.56967 75404.81017 83206.91867 74838.16667 35559.57267 32055.76067 37227.66667 27900.36951 58288.41221 87948.73011 74813.57661 79231.59211 71264.48611 35199.08311 31732.13911 18017.11111
201125 1007771 26197.73518 56542.71288 86041.56278 76866.74028 84883.32528 76346.09028 36318.25678 32739.79878 38423.77778 28552.95976 59384.02686 89442.30656 76110.10506 80628.94206 72521.49306 35897.08456 32361.52656 18512.55556
201126 1027127 26754.87553 57561.11863 87489.48833 78250.58283 86492.41383 77793.52083 37112.36433 33455.80233 39886.83333 29150.991 60418.9005 90883.283 77400.1975 82055.6905 73804.9375 36586.933 32983.567 19045.5
201127 1045736 27299.79253 58535.18363 88869.95233 79590.96483 88068.33583 79211.27083 37841.11433 34113.05233 41239.83333 29748.69173 61422.91843 92205.22033 78624.97483 83447.04883 75056.64583 37276.61833 33605.54833 19578.83333
201128 1060696 27739.2044 59347.0476 90030.004 80718.996 89396.0605 80405.6875 38434.138 34647.862 42118.5 30211.7724 62213.5076 93280.06 79627.304 84591.2935 76086.0625 37822.828 34098.172 19927.5
201129 1071534 28076.00002 59948.10342 90870.54022 81541.14122 90367.38872 81279.65972 38867.02422 35038.42022 42731.22222 30545.01264 62791.31524 94070.32244 80345.79944 85395.20994 76809.50694 38203.86244 34442.02644 20211.44444
201130 1088302 28515.80176 60840.49886 92173.93456 82782.15106 91806.70406 82574.24306 39556.31356 35659.79756 43656.55556 31007.59304 63681.69334 95351.23944 81508.09594 86694.66294 77978.38194 38846.47844 35021.41044 20646.44444
201201 1107343 29040.27256 61856.97256 93676.82356 84205.19356 93450.39056 84052.68056 40327.79956 36355.31156 44861.55556 31572.40224 64686.76064 96729.99244 82774.43044 88124.01144 79264.06944 39555.89644 35660.99244 21147.44444
201202 1128436 29645.02693 62997.75723 95312.56833 85795.06883 95321.74533 85735.83333 41186.11633 37129.05033 46179.83333 32193.49204 65788.42734 98245.50544 84157.71294 89677.83444 80661.69444 40349.21144 36376.17744 21682.94444
201203 1151105 30249.55936 64165.21726 96996.38656 87458.48306 97301.88156 87516.80556 42147.73656 37995.87456 47922.55556 32873.36278 66973.63328 99864.15878 85601.17228 91269.18678 82093.15278 41172.55278 37118.50278 22384.77778
201204 1172620 30834.87011 65324.46911 98651.84511 89062.14011 99184.85611 89210.48611 42997.62611 38762.09611 49424.61111 33492.11922 68090.82822 101411.72822 87002.80522 92834.13022 83500.72222 41970.83522 37838.10922 23025.72222
201205 1189571 31355.45191 66229.63481 99934.34011 90336.24561 100707.19561 90579.79861 43681.27011 39378.45211 50379.61111 33995.59013 68988.85903 102675.39833 88152.94583 94123.06083 84660.14583 42564.64433 38373.52233 23454.83333
201206 1203133 31699.02711 66974.62711 101027.97511 91395.53111 101950.64511 91698.36111 44220.50111 39864.72111 51178.11111 34360.61093 69653.93373 103587.08933 89039.43133 95166.60133 85598.83333 43073.41933 38832.24733 23811.33333
201207 1223306 32200.553 67990.426 102539.458 92903.087 103756.976 93323 45057.126 40618.874 52462 34941.6958 70676.5882 105043.068 90382.5 96687.648 86967 43851.91 39534.09 24370
201208 1246151 32751.80358 69151.81148 104291.39678 94642.19528 105833.86928 95191.09028 45995.34278 41464.71278 53941.27778 35533.39402 71793.40792 106642.43722 91875.99372 98394.94072 88502.65972 44754.32922 40347.61522 25042.72222
201209 1271104 33406.72687 70430.21197 106157.37767 96495.36617 108047.90067 97182.41667 47057.85867 42422.47467 55625.16667 36227.54393 73064.00423 108405.59633 93510.65283 100253.74433 90174.45833 45696.13933 41196.52733 25749.83333
201210 1286202 33828.91518 71221.11188 107305.72078 97623.95528 109386.87328 98386.59028 47680.46478 42983.59078 56676.27778 36710.06962 73875.39732 109514.26722 94501.30672 101348.13272 91158.65972 46225.94722 41673.99722 26100.72222
201211 1300687 34287.04967 71987.54117 108370.18167 98713.03017 110714.03067 99580.16667 48270.99967 43515.83367 57698.66667 37148.53713 74606.85203 110514.77833 95422.79783 102390.70133 92096.33333 46759.37033 42154.79633 26455.33333
201212 1312969 34586.84287 72614.99047 109316.16667 99664.69867 111861.07217 100611.72917 48781.45667 43975.87667 58457.16667 37491.77713 75220.50853 111386.07133 96247.99233 103344.25483 92953.89583 47190.92733 42543.73933 26719.83333
201213 1322332 34844.02278 73100.05828 110020.82878 100386.19728 112740.71928 101402.84028 49148.16378 44306.39178 59053.27778 37749.95651 75682.02621 112054.63211 96869.52961 104052.59861 93590.92361 47527.84511 42847.37711 26954.61111
201214 1335604 35191.26316 73805.84896 111068.05756 101440.61656 114012.17906 102546.36806 49653.34956 44761.76156 59839.05556 38138.97533 76352.11033 113017.67133 97744.24433 105031.60283 94471.39583 48002.49333 43275.17333 27251.83333
201215 1349680 35568.06004 74505.68284 112084.65244 102517.14644 115352.68044 103751.94444 50223.10744 45275.28144 60816.94444 38537.21853 77049.94313 113992.82333 98657.16033 106077.39633 95411.95833 48517.65833 43739.50833 27600.83333
201216 1364838 35952.13478 75236.50428 113161.94478 103658.44728 116774.23278 105030.40278 50864.60878 45853.44678 61812.27778 38966.29664 77806.95274 115055.16544 99640.90694 107195.15044 96417.19444 49118.96144 44281.42744 28011.94444
201217 1379545 36338.2646 75971.9904 114257.51 104778.191 118137.794 106256.75 51528.065 46451.435 62942 39363.7618 78504.4362 116035.396 100546.13 108221.526 97340.25 49653.933 44763.567 28454
201218 1393582 36689.61416 76662.25196 115311.56556 105829.26256 119396.89606 107389.24306 52140.28056 47003.33056 63857.05556 39766.22633 79187.11333 116997.17933 101449.81433 109259.39583 98273.77083 50242.78233 45294.38433 28831.83333
201219 1404567 36990.90682 77218.28512 116125.71722 106659.51972 120406.61972 108297.28472 52634.88722 47449.05722 64613.72222 40044.40651 79690.29421 117733.06811 102158.26361 110087.83561 99018.79861 50639.66411 45652.05811 29146.61111
201220 1413285 37168.02687 77622.97047 116755.49467 107328.29867 121240.73017 109047.47917 53039.01067 47813.32267 65180.16667 40262.52856 80083.94356 118300.77756 102718.52856 110754.31206 99618.24306 50993.81756 45971.29356 29386.05556
201221 1424372 37403.98309 78155.78919 117584.37789 108175.49739 122272.35939 109975.32639 53536.25089 48261.52689 65956.88889 40536.26509 80599.59819 119044.55989 103438.68039 111599.65339 100378.57639 51406.48289 46343.29489 29702.88889
201222 1436966 37701.10844 78735.01394 118455.91144 109115.28794 123455.15044 111039.19444 54122.42944 48789.95944 67035.44444 40829.72333 81133.81783 119836.08233 104206.34983 112501.94333 101190.08333 51902.65633 46790.51033 30125.33333
201223 1450283 38032.73458 79374.81398 119433.76378 110106.65478 124655.98428 112119.21528 54734.97478 49342.08078 68075.77778 41150.24049 81723.68729 120672.18889 105029.52689 113479.73839 102069.45139 52449.72589 47283.55189 30548.88889
201224 1450347 38033.73458 79375.86598 119435.86778 110109.57878 124660.15428 112122.96528 54737.60478 49344.45078 68080.77778 41151.24049 81725.79129 120676.39689 105033.50289 113484.32539 102073.57639 52456.56389 47289.71389 30554.88889
201225 1450391 38034.73458 79378.23298 119440.60178 110112.72578 124662.65628 112125.21528 54740.76078 49347.29478 68087.77778 41152.79609 81726.76169 120677.44889 105034.54889 113485.57639 102074.70139 52459.19389 47292.08389 30557.88889
201226 1450429 38036.73458 79379.02198 119442.17978 110114.39878 124664.74128 112127.09028 54742.60178 49348.95378 68094.77778 41153.79609 81727.02469 120677.97489 105035.59189 113487.24439 102076.20139 52464.19089 47296.58689 30559.88889
201227 1450472 38038.73458 79379.81098 119443.75778 110116.17578 124667.03478 112129.15278 54744.70578 49350.84978 68103.77778 41154.35169 81727.73209 120678.50089 105037.98689 113491.62289 102080.13889 52466.29489 47298.48289 30562.88889
201228 1450498 38039.73458 79379.81098 119443.75778 110115.75978 124666.20078 112128.40278 54746.80978 49352.74578 68111.77778 41155.35169 81727.99509 120679.02689 105038.82189 113492.87389 102081.26389 52469.45089 47301.32689 30566.88889
201229 1450535 38039.73458 79381.12598 119446.38778 110117.43878 124667.45178 112129.52778 54748.91378 49354.64178 68119.77778 41155.35169 81728.25809 120679.55289 105040.07289 113494.95889 102083.13889 52474.18489 47305.59289 30568.88889
201230 1450551 38039.73458 79381.52048 119447.17678 110118.17128 124668.28578 112130.27778 54750.49178 49356.06378 68121.77778 41155.35169 81728.12659 120679.28989 105040.17539 113495.37589 102083.51389 52476.28889 47307.48889 30571.88889
201231 1450547 38039.73458 79381.25748 119446.65078 110117.33628 124667.03478 112129.15278 54750.49178 49356.06378 68121.77778 41155.35169 81728.12659 120679.28989 105040.17539 113495.37589 102083.51389 52476.28889 47307.48889 30571.88889
210101 1450545 38039.73458 79381.25748 119446.65078 110117.33628 124667.03478 112129.15278 54750.49178 49356.06378 68120.77778 41155.35169 81728.12659 120679.28989 105039.96739 113494.95889 102083.13889 52476.28889 47307.48889 30571.88889
210102 1450539 38039.17898 79380.28708 119445.59878 110116.70628 124666.61778 112128.77778 54749.96578 49355.58978 68120.77778 41155.35169 81727.86359 120678.76389 105039.75639 113494.95889 102083.13889 52476.28889 47307.48889 30571.88889
210103 1450537 38039.17898 79380.02408 119445.07278 110116.49528 124666.61778 112128.77778 54749.96578 49355.58978 68120.77778 41155.35169 81727.60059 120678.23789 105039.54539 113494.95889 102083.13889 52476.28889 47307.48889 30571.88889
210104 1450536 38039.17898 79380.02408 119445.07278 110116.49528 124666.61778 112128.77778 54749.96578 49355.58978 68119.77778 41155.35169 81727.60059 120678.23789 105039.54539 113494.95889 102083.13889 52476.28889 47307.48889 30571.88889
210105 1450532 38039.17898 79380.02408 119445.07278 110116.28728 124666.20078 112128.40278 54749.96578 49355.58978 68118.77778 41155.35169 81727.60059 120678.23789 105039.54539 113494.95889 102083.13889 52475.76289 47307.01489 30570.88889
210106 1450532 38039.17898 79380.02408 119445.07278 110116.28728 124666.20078 112128.40278 54749.96578 49355.58978 68118.77778 41155.35169 81727.60059 120678.23789 105039.54539 113494.95889 102083.13889 52475.76289 47307.01489 30570.88889
