"Day" "Icum" "f0-9" "f10-19" "f20-29" "f30-39" "f40-49" "f50-59" "f60-69" "f70-79" "f80+" "m0-9" "m10-19" "m20-29" "m30-39" "m40-49" "m50-59" "m60-69" "m70-79" "m80+"
200101 39 1.1112 1.6778 1.578 2.089 2.919 2.625 2.104 1.896 2 3.3336 3.9814 2.63 2.095 2.085 1.875 2.104 1.896 1
200102 80 1.1112 4.5708 7.364 6.282 6.672 6 3.156 2.844 7 3.3336 4.7704 4.208 3.976 4.587 4.125 2.63 2.37 5
200103 109 2.2224 6.2486 8.942 8.163 9.174 8.25 4.208 3.792 11 3.3336 5.5594 5.786 5.441 6.255 5.625 4.208 3.792 7
200104 125 2.2224 6.5116 9.468 9.414 11.259 10.125 5.26 4.74 12 3.3336 5.8224 6.312 6.276 7.506 6.75 5.26 4.74 8
200105 130 2.2224 6.7746 9.994 9.833 11.676 10.5 5.26 4.74 13 3.3336 5.8224 6.312 6.276 7.506 6.75 5.26 4.74 10
200106 132 2.2224 6.7746 9.994 10.041 12.093 10.875 5.26 4.74 13 3.3336 5.8224 6.312 6.276 7.506 6.75 5.26 4.74 11
200107 133 2.2224 6.7746 9.994 10.041 12.093 10.875 5.26 4.74 13 3.3336 5.8224 6.312 6.484 7.923 7.125 5.26 4.74 11
200108 135 2.2224 6.7746 9.994 10.249 12.51 11.25 5.26 4.74 13 3.3336 5.8224 6.312 6.692 8.34 7.5 5.26 4.74 11
200109 138 2.2224 6.7746 9.994 10.457 12.927 11.625 5.26 4.74 13 3.3336 6.3484 7.364 7.114 8.34 7.5 5.26 4.74 11
200110 140 2.2224 6.7746 9.994 10.457 12.927 11.625 5.26 4.74 13 3.3336 6.3484 7.364 7.114 8.34 7.5 5.786 5.214 12
200111 147 2.778 7.745 11.046 11.295 13.761 12.375 5.786 5.214 13 3.3336 6.3484 7.364 7.322 8.757 7.875 5.786 5.214 12
200112 151 3.3336 8.1894 11.046 11.503 14.178 12.75 5.786 5.214 13 3.3336 6.6114 7.89 7.533 8.757 7.875 6.312 5.688 12
200113 153 3.3336 8.4524 11.572 11.714 14.178 12.75 5.786 5.214 14 3.3336 6.6114 7.89 7.533 8.757 7.875 6.312 5.688 12
200114 155 3.3336 8.4524 11.572 11.922 14.595 13.125 5.786 5.214 14 3.3336 6.6114 7.89 7.741 9.174 8.25 6.312 5.688 12
200115 159 3.3336 8.4524 11.572 11.922 14.595 13.125 5.786 5.214 15 3.3336 6.8744 8.416 8.16 9.591 8.625 6.838 6.162 12
200116 163 3.3336 8.9784 12.624 12.344 14.595 13.125 5.786 5.214 15 3.8892 7.3188 8.416 8.368 10.008 9 6.838 6.162 12
200117 172 3.8892 9.9488 13.676 13.182 15.429 13.875 6.312 5.688 15 4.4448 8.2892 9.468 8.79 10.008 9 6.838 6.162 12
200118 176 3.8892 9.9488 13.676 13.182 15.429 13.875 6.312 5.688 15 4.4448 8.2892 9.468 9.414 11.259 10.125 6.838 6.162 13
200119 178 3.8892 9.9488 13.676 13.182 15.429 13.875 6.838 6.162 15 4.4448 8.5522 9.994 9.625 11.259 10.125 6.838 6.162 13
200120 180 3.8892 10.2118 14.202 13.393 15.429 13.875 6.838 6.162 15 4.4448 8.5522 9.994 9.833 11.676 10.5 6.838 6.162 13
200121 189 3.8892 10.8693 15.517 14.7525 17.097 15.375 6.838 6.162 15 4.4448 8.9467 10.783 10.1495 11.676 10.5 6.838 6.162 14
200122 197 3.8892 11.1323 16.043 14.9635 17.097 15.375 6.838 6.162 15 4.4448 9.9987 12.887 11.6175 12.927 11.625 6.838 6.162 14
200123 204 3.8892 11.9213 17.621 15.5965 17.097 15.375 6.838 6.162 16 4.4448 10.2617 13.413 12.0365 13.344 12 6.838 6.162 15
200124 208 3.8892 11.9213 17.621 15.5965 17.097 15.375 7.364 6.636 16 4.4448 10.2617 13.413 12.4525 14.178 12.75 7.364 6.636 15
200125 213 3.8892 11.9213 17.621 15.8045 17.514 15.75 7.364 6.636 16 4.4448 10.7877 14.465 13.2905 15.012 13.5 7.364 6.636 15
200126 222 3.8892 11.9213 17.621 16.5325 18.9735 17.0625 7.364 6.636 16 5.0004 11.7581 15.517 14.0245 15.6375 14.0625 7.89 7.11 15
200127 231 3.8892 11.9213 17.621 17.1565 20.2245 18.1875 7.364 6.636 16 6.0004 12.0211 16.043 14.8595 16.8885 15.1875 8.416 7.584 15
200128 235 3.8892 12.1843 18.147 17.5755 20.6415 18.5625 7.364 6.636 16 6.0004 12.2841 16.569 15.2785 17.3055 15.5625 8.416 7.584 15
200129 246 4.8892 12.9733 19.725 19.0405 22.3095 20.0625 7.364 6.636 16 6.0004 12.5471 17.095 15.6975 17.7225 15.9375 8.942 8.058 15
200130 268 6.0004 15.1771 22.355 20.9275 23.9775 21.5625 7.89 7.11 16 6.556 14.3065 19.725 16.9605 18.1395 16.3125 10.52 9.48 15
200131 293 6.0004 16.4921 24.985 23.0225 26.0625 23.4375 8.942 8.058 18 8.1116 15.2769 20.777 18.2145 19.8075 17.8125 12.098 10.902 15
200201 298 6.0004 16.7551 25.511 23.2335 26.0625 23.4375 8.942 8.058 19 8.1116 15.8029 21.829 18.8445 20.2245 18.1875 12.098 10.902 15
200202 305 6.0004 16.7551 25.511 23.3375 26.271 23.625 9.468 8.532 20 8.1116 16.0659 22.355 19.5755 21.267 19.125 12.098 10.902 16
200203 309 6.0004 17.0181 26.037 23.7565 26.688 24 9.468 8.532 20 8.1116 16.3289 22.881 19.7865 21.267 19.125 12.624 11.376 16
200204 311 6.0004 17.0181 26.037 23.7565 26.688 24 9.994 9.006 20 8.1116 16.3289 22.881 19.9945 21.684 19.5 12.624 11.376 16
200205 313 6.0004 17.0181 26.037 23.7565 26.688 24 9.994 9.006 20 8.1116 16.3289 22.881 20.4105 22.518 20.25 12.624 11.376 16
200206 314 6.0004 17.0181 26.037 23.7565 26.688 24 10.52 9.48 20 8.1116 16.3289 22.881 20.4105 22.518 20.25 12.624 11.376 16
200207 317 6.0004 17.0181 26.037 23.7565 26.688 24 10.52 9.48 21 8.1116 16.3289 22.881 20.6185 22.935 20.625 13.15 11.85 16
200208 318 6.0004 17.0181 26.037 23.7565 26.688 24 10.52 9.48 21 8.1116 16.3289 22.881 20.8265 23.352 21 13.15 11.85 16
200209 321 6.0004 17.2811 26.563 24.1755 27.105 24.375 10.52 9.48 21 8.1116 16.5919 23.407 21.0375 23.352 21 13.15 11.85 16
200210 327 7.0004 17.2811 26.563 24.5915 27.939 25.125 11.046 9.954 22 8.1116 16.8549 23.933 21.2485 23.352 21 13.15 11.85 16
200211 337 7.0004 17.5441 27.089 25.4265 29.19 26.25 11.572 10.428 22 9.1116 17.3809 24.985 21.8785 23.769 21.375 13.676 12.324 16
200212 347 7.0004 17.5441 27.089 25.6345 29.607 26.625 12.624 11.376 22 9.1116 17.6439 25.511 22.5055 24.603 22.125 15.78 14.22 16
200213 352 7.0004 17.5441 27.089 26.2585 30.858 27.75 13.15 11.85 22 9.1116 17.6439 25.511 22.5055 24.603 22.125 16.306 14.694 16
200214 358 7.0004 17.5441 27.089 26.8825 32.109 28.875 13.15 11.85 22 9.1116 17.9069 26.037 22.9245 25.02 22.5 16.832 15.168 16
200215 371 7.0004 17.5441 27.089 28.3385 35.028 31.5 14.202 12.798 22 9.1116 18.1699 26.563 23.5515 25.854 23.25 17.358 15.642 16
200216 382 7.0004 17.8071 27.615 29.1735 36.279 32.625 14.728 13.272 22 9.1116 18.4329 27.089 24.8025 27.939 25.125 17.358 15.642 16
200217 394 8.556 18.2515 27.615 29.7975 37.53 33.75 15.78 14.22 22 9.1116 19.2219 28.667 25.6435 28.356 25.5 17.884 16.116 16
200218 408 8.556 19.0405 29.193 31.0545 38.781 34.875 16.306 14.694 22 9.1116 19.4849 29.193 26.6865 30.024 27 18.936 17.064 16
200219 417 8.556 19.0405 29.193 31.4705 39.615 35.625 16.306 14.694 22 9.1116 20.0109 30.245 27.9405 31.692 28.5 19.462 17.538 16
200220 445 9.556 20.0925 31.297 33.5625 42.117 37.875 16.832 15.168 24 10.2228 21.1627 30.771 30.2315 35.862 32.25 19.988 18.012 16
200221 470 10.1116 21.3259 32.875 35.2355 44.202 39.75 17.884 16.116 24 10.2228 21.6887 31.823 32.1095 38.781 34.875 22.618 20.382 16
200222 496 10.1116 22.9039 36.031 37.7495 46.704 42 18.41 16.59 24 10.7784 22.9221 33.401 33.9905 41.283 37.125 24.196 21.804 16
200223 543 10.1116 25.2709 40.765 41.3125 50.04 45 19.462 17.538 24 12.334 25.9965 38.661 38.1805 45.453 40.875 26.3 23.7 18
200224 609 10.6672 28.6083 46.551 47.7935 58.38 52.5 22.618 20.382 25 14.0008 29.6967 43.395 42.7835 50.874 45.75 27.352 24.648 18
200225 713 11.2228 34.5757 57.597 55.3445 64.635 58.125 24.722 22.278 25 15.0008 35.7457 55.493 54.0845 63.801 57.375 31.034 27.966 19
200226 869 11.7784 44.2251 76.007 68.9695 77.145 69.375 29.982 27.018 28 15.0008 41.5317 67.065 64.7585 75.894 68.25 43.658 39.342 21
200227 1031 11.7784 50.5371 88.631 84.0175 97.161 87.375 32.086 28.914 31 16.5564 49.3401 81.793 78.1545 90.906 81.75 50.496 45.504 25
200228 1249 14.8896 58.3954 102.57 100.217 118.428 106.5 41.554 37.446 35 19.2232 58.4318 97.31 95.611 113.424 102 62.594 56.406 29
200229 1442 15.4452 64.3628 113.616 114.84 138.861 124.875 50.496 45.504 37 19.2232 63.1658 106.778 111.681 138.027 124.125 74.166 66.834 33
200301 1673 16.5564 72.8786 128.87 134.479 165.966 149.25 60.49 54.51 39 20.3344 70.6296 119.928 128.188 160.545 144.375 89.946 81.054 36
200302 1967 22.2232 83.6798 147.806 154.763 191.403 172.125 71.01 63.99 48 24.668 80.66 134.656 150.944 194.322 174.75 109.408 98.592 44
200303 2267 25.0012 96.9478 169.898 175.481 215.172 193.5 87.316 78.684 52 27.7792 91.5428 154.644 175.81 228.099 205.125 126.766 114.234 49
200304 2679 29.8904 113.4716 196.724 206.418 255.621 229.875 99.414 89.586 58 32.0016 105.6814 179.366 211.311 279.39 251.25 149.91 135.09 56
200305 3124 33.7796 130.2584 224.076 240.894 302.742 272.25 121.506 109.494 68 33.1128 122.0872 210.4 247.68 327.345 294.375 172.002 154.998 59
200306 3805 39.2244 151.6976 259.844 291.642 375.717 337.875 139.916 126.084 82 41.5576 143.2634 245.642 305.497 414.915 373.125 216.186 194.814 66
200307 4626 43.1136 179.5304 309.288 351.828 456.615 410.625 169.372 152.628 93 52.0024 173.6446 299.294 379.435 519.999 467.625 255.636 230.364 82
200308 5729 49.6696 211.8524 365.044 424.738 557.946 501.75 212.504 191.496 104 57.8916 218.0464 381.876 485.986 667.2 600 315.6 284.4 99
200309 7495 63.8924 276.5416 482.868 553.538 721.41 648.75 285.618 257.382 130 68.1144 287.4696 509.168 646.456 886.542 797.25 397.13 357.87 125
200310 9757 76.3376 365.1004 644.876 727.102 939.084 844.5 370.83 334.17 159 85.226 371.521 667.494 849.535 1166.349 1048.875 498.122 448.878 160
200311 12579 87.894 469.802 837.392 930.792 1192.62 1072.5 480.764 433.236 189 103.8936 478.1634 862.114 1112.933 1537.896 1383 634.882 572.118 200
200312 15745 106.4504 588.5741 1058.049 1168.0265 1490.775 1340.625 598.062 538.938 221 128.4504 598.5681 1078.037 1399.8525 1939.467 1744.125 788.474 710.526 247
200313 19645 137.7856 741.6319 1326.835 1464.5035 1868.994 1680.75 746.394 672.606 265 164.22991 750.40381 1346.93411 1744.07261 2413.29011 2170.23611 972.15911 876.06311 303.11111
200314 23540 170.0096 895.6419 1599.303 1758.4015 2239.0815 2013.5625 892.622 804.378 321 206.89831 902.65441 1616.77211 2081.42761 2872.61561 2583.29861 1171.51311 1055.70911 355.11111
200315 27585 199.34462 1045.56632 1865.15522 2046.45072 2602.71922 2340.59722 1072.47322 966.47122 385.22222 240.56671 1071.47401 1919.74811 2428.53961 3324.85211 2989.98611 1390.06611 1252.65611 443.11111
200316 33069 232.23542 1259.03252 2253.86922 2470.59572 3140.44072 2824.15972 1307.33222 1178.11222 483.22222 286.23551 1281.63921 2297.41611 2871.75761 3909.69461 3515.92361 1691.72711 1524.49511 541.11111
200317 38001 270.12622 1447.64522 2592.87622 2843.80922 3616.02922 3251.84722 1530.35622 1379.08822 579.22222 327.01551 1482.56771 2654.83311 3269.62011 4419.89411 3974.73611 1953.67511 1760.54711 647.11111
200318 43142 311.12822 1637.01522 2931.62022 3213.48522 4084.73722 3673.34722 1781.78422 1605.66022 711.22222 372.46222 1692.07322 3028.40422 3682.24522 4946.67622 4448.47222 2236.77422 2015.67022 769.22222
200319 47730 349.57413 1810.90653 3249.96133 3575.14733 4553.76483 4095.14583 1995.18833 1797.97833 812.33333 404.24142 1854.10002 3324.01622 4029.10722 5404.33372 4860.03472 2496.88122 2250.06322 867.22222
200320 52924 388.63151 1992.46471 3576.35911 3968.32511 5079.46261 4567.92361 2248.47211 2026.25011 994.61111 451.18822 2034.37522 3636.96022 4398.09322 5892.30672 5298.90972 2821.92322 2543.02122 1004.72222
200321 57153 423.18871 2160.00101 3878.54611 4297.33661 5496.04561 4942.54861 2457.82011 2214.90211 1119.61111 490.74582 2188.02712 3903.37922 4700.27672 6283.86972 5651.03472 3064.40922 2761.53522 1119.72222
200322 60570 453.52351 2292.09571 4113.40511 4560.34011 5834.44111 5246.86111 2638.76411 2377.95811 1231.61111 520.96916 2297.70096 4100.17356 4934.06656 6594.24256 5930.18056 3269.88256 2946.72856 1227.05556
200323 65539 495.41471 2478.13301 4439.26211 4929.42261 6312.32311 5676.61111 2912.28411 2624.43811 1418.61111 566.19356 2459.52406 4380.26856 5268.77606 7040.01556 6331.05556 3574.43656 3221.17456 1411.05556
200324 69571 530.58302 2638.02192 4726.04322 5234.53672 6693.36372 6019.28472 3114.37922 2806.56522 1631.72222 608.02836 2596.22126 4624.33256 5526.94406 7361.31406 6619.99306 3814.81856 3437.79256 1587.05556
200325 74137 568.14062 2814.68632 5038.48722 5591.79072 7158.31872 6437.40972 3346.08222 3015.36222 1857.72222 654.69716 2744.84446 4878.91656 5813.98006 7732.02706 6953.36806 4073.34756 3670.76356 1787.05556
200326 78402 615.25373 2991.54343 5352.09433 5930.54583 7585.22933 6821.33333 3567.63933 3215.02733 2076.83333 704.25507 2888.69977 5119.40967 6070.36617 8052.60267 7241.66667 4319.10067 3892.23267 1958.16667
200327 82860 654.14413 3154.85353 5648.49533 6271.90033 8031.21083 7222.39583 3786.19233 3411.97433 2357.83333 743.59027 3035.84007 5376.36067 6348.88767 8404.34217 7557.97917 4581.31167 4128.52167 2144.16667
200328 86808 693.36813 3301.49953 5906.23533 6572.05833 8425.69283 7577.14583 3978.70833 3585.45833 2657.33333 788.14778 3170.43578 5606.33378 6588.26178 8699.27228 7823.21528 4791.82278 4318.23278 2324.77778
200329 89853 727.48053 3422.48013 6122.42133 6817.79533 8744.48933 7863.83333 4132.30033 3723.86633 2864.33333 819.03818 3268.91638 5773.07578 6769.02878 8927.57978 8028.52778 4941.20678 4452.84878 2453.77778
200330 94207 766.03813 3596.12003 6428.81633 7141.94283 9147.93683 8226.64583 4343.22633 3913.94033 3214.33333 857.37338 3407.11468 6012.14278 7022.90428 9244.29128 8313.34028 5208.94078 4694.11478 2667.77778
200331 98190 812.92933 3746.25783 6682.87433 7428.03983 9517.19033 8558.70833 4552.04833 4102.11833 3613.33333 900.70929 3547.14299 6240.53789 7251.14139 9518.16289 8559.63889 5409.45789 4874.81989 2874.88889
200401 102646 864.98729 3922.85099 6988.00989 7754.10739 9925.48889 8925.88889 4777.23189 4305.04589 4083.38889 953.43427 3689.11557 6469.09967 7490.67317 9814.51067 8826.16667 5646.43567 5088.39767 3121.16667
200402 106889 898.21109 4065.52469 7241.80489 8051.53889 10317.67739 9278.57639 5004.46389 4509.81389 4580.88889 999.88087 3816.52647 6680.81467 7716.93667 10097.86217 9080.97917 5877.87567 5296.95767 3372.66667
200403 111297 933.54611 4227.28411 7531.32711 8363.01911 10709.25411 9630.73611 5235.86311 4718.35911 5127.11111 1051.32758 3953.44398 6909.20978 7956.19778 10393.83478 9347.15278 6105.48178 5502.07378 3601.77778
200404 114557 957.88091 4352.93531 7753.29911 8609.72511 11025.34011 9914.98611 5403.13111 4869.09111 5468.11111 1085.32909 4060.71469 7093.42089 8138.11089 10610.36889 9541.88889 6262.86689 5643.91089 3765.88889
200405 117193 983.10411 4454.23611 7936.34711 8806.80911 11273.24661 10137.92361 5533.57911 4986.64311 5739.11111 1110.66349 4155.01429 7260.68889 8290.17689 10780.71339 9695.07639 6385.42489 5754.35289 3909.88889
200406 120692 1016.55011 4579.98711 8156.74111 9047.78611 11579.11611 10412.98611 5700.32111 5136.90111 6146.61111 1140.88669 4261.83809 7454.78289 8486.07589 11017.36089 9907.88889 6587.40889 5936.36889 4122.38889
200407 124159 1064.21882 4711.52662 8378.82422 9281.60322 11869.25072 10673.90972 5888.21422 5306.23022 6573.22222 1188.33349 4381.12329 7646.24689 8670.51989 11233.15839 10101.95139 6760.98889 6092.78889 4336.88889
200408 127608 1105.99842 4842.31102 8603.95222 9524.47922 12175.12022 10948.97222 6076.52222 5475.92222 7026.22222 1223.11269 4482.92309 7821.40489 8842.59889 11437.27989 10285.51389 6934.56889 6249.20889 4551.88889
200409 130902 1127.55522 4957.85022 8810.14422 9747.38322 12456.17822 11201.72222 6235.11122 5618.83322 7452.72222 1259.78109 4601.24669 8023.38889 9030.11889 11650.78389 10477.51389 7105.25589 6403.02189 4743.38889
200410 133475 1152.55633 5055.46683 8983.04633 9919.76783 12662.70433 11387.45833 6367.51133 5738.15533 7792.83333 1289.11549 4683.57979 8166.72389 9170.60839 11817.16689 10627.13889 7235.44089 6520.33689 4905.38889
200411 135814 1188.61324 5145.40214 9135.69744 10076.85294 12854.84394 11560.25694 6477.03044 5836.85844 8089.94444 1324.28369 4777.02259 8322.94589 9304.93139 11960.82339 10756.32639 7345.37489 6619.40289 5037.38889
200412 137716 1206.72524 5213.85964 9254.83644 10204.82844 13015.59744 11704.81944 6559.61244 5911.27644 8378.94444 1343.95129 4851.18449 8452.60489 9414.66289 12076.54089 10860.38889 7423.22289 6689.55489 5153.38889
200413 139499 1228.83716 5284.82696 9380.66156 10324.84056 13154.98656 11830.18056 6649.14356 5991.96756 8629.05556 1362.6188 4909.7092 8552.656 9511.232 12189.659 10962.125 7506.442 6764.558 5265.5
200414 141571 1252.78256 5364.73406 9521.36656 10463.13106 13319.07606 11977.74306 6748.55756 6081.55356 8899.05556 1388.7866 4982.9779 8676.529 9627.3785 12322.8905 11081.9375 7600.07 6848.93 5413.5
200415 143791 1277.89496 5447.97416 9662.07156 10610.88556 13502.13906 12142.36806 6853.75756 6176.35356 9210.55556 1414.4546 5069.5554 8823.02 9749.998 12450.9095 11197.0625 7698.432 6937.568 5566
200416 145941 1315.00776 5536.39736 9805.14356 10755.74156 13677.48756 12300.05556 6953.69756 6266.41356 9449.05556 1444.0114 5163.7916 8986.606 9881.867 12583.724 11316.5 7798.898 7028.102 5678.5
200417 148136 1339.45327 5614.76507 9940.43667 10899.41567 13856.70017 12461.22917 7049.54067 6352.79267 9710.66667 1482.4574 5272.7106 9173.336 10023.852 12718.2065 11437.4375 7896.208 7115.792 5791
200418 149784 1358.89847 5683.33587 10062.46867 11007.02367 13974.29417 12566.97917 7143.16867 6437.16467 9900.66667 1511.125 5337.536 9284.322 10119.957 12821.6225 11530.4375 7979.842 7191.158 5874
200419 151086 1377.34398 5733.56258 10141.47978 11088.70478 14074.48528 12657.09028 7206.92578 6494.62978 10071.77778 1527.0146 5390.1454 9375.32 10198.476 12905.8565 11606.1875 8040.858 7246.142 5950
200420 152704 1397.67798 5796.24758 10253.51778 11194.48778 14196.45778 12766.77778 7278.98778 6559.56778 10274.77778 1545.6818 5445.9742 9476.312 10294.212 13016.57 11705.75 8123.966 7321.034 6056
200421 154220 1425.45718 5858.33438 10349.24978 11289.36178 14309.67328 12868.59028 7361.83278 6634.22278 10468.27778 1567.68291 5511.63631 9585.30511 10380.95211 13102.79161 11783.29861 8200.61011 7390.11211 6132.61111
200422 155936 1448.347 5927.59 10468.874 11407.785 14450.8415 12995.5625 7430.172 6695.828 10694.5 1596.01731 5587.52591 9715.75311 10487.36011 13211.21161 11880.79861 8270.83111 7453.39111 6213.61111
200423 157512 1473.237 5988.407 10568.288 11506.632 14569.061 13101.875 7511.702 6769.298 10909.5 1633.57451 5657.88371 9823.58311 10574.39911 13298.99011 11959.73611 8342.89311 7518.32911 6304.61111
200424 158977 1501.127 6045.016 10659.286 11599.607 14682.2765 13203.6875 7581.66 6832.34 11062.5 1651.57531 5730.31791 9952.45311 10671.12611 13389.27061 12040.92361 8414.95511 7583.26711 6375.61111
200425 160110 1514.9054 6087.2686 10731.348 11679.266 14784.0245 13295.1875 7634.786 6880.214 11188.5 1674.90931 5782.74591 10043.97711 10743.82411 13461.41161 12105.79861 8452.30111 7616.92111 6432.61111
200426 160900 1524.4614 6115.6456 10779.214 11732.891 14853.038 13357.25 7667.398 6909.602 11281.5 1691.90971 5816.72751 10103.94111 10793.15011 13512.07711 12151.36111 8485.43911 7646.78311 6477.61111
200427 162066 1541.0178 6162.3557 10855.747 11808.1035 14942.276 13437.5 7720.524 6957.476 11389.5 1709.24411 5881.43961 10212.03411 10871.45461 13582.13311 12214.36111 8543.29911 7698.92311 6538.61111
200428 163148 1564.9074 6210.2311 10937.277 11883.0325 15026.927 13513.625 7768.916 7001.084 11495.5 1731.80051 5927.49221 10287.25211 10934.49161 13648.01911 12273.61111 8595.89911 7746.32311 6601.61111
200429 164234 1590.1306 6257.6169 11012.495 11953.9735 15108.659 13587.125 7817.834 7045.166 11623.5 1757.57931 5978.21541 10368.25611 10999.84961 13713.90511 12332.86111 8638.50511 7784.71711 6663.61111
200430 165365 1613.2426 6304.6399 11088.765 12024.7125 15189.14 13659.5 7877.798 7099.202 11737.5 1771.02451 6026.53521 10449.78611 11072.90661 13794.80311 12405.61111 8691.10511 7832.11711 6726.61111
200501 166230 1628.4654 6344.8701 11157.671 12085.8415 15256.277 13719.875 7910.936 7129.064 11824.5 1789.02531 6068.72441 10518.16611 11128.00061 13850.26411 12455.48611 8730.02911 7867.19311 6765.61111
200502 166915 1645.5774 6376.7706 11203.696 12132.28 15312.3635 13770.3125 7939.866 7155.134 11879.5 1816.13771 6108.30651 10571.55511 11173.02511 13897.59361 12498.04861 8752.12111 7887.10111 6795.61111
200503 167517 1660.5778 6401.0212 11244.198 12174.735 15364.9055 13817.5625 7959.854 7173.146 11913.5 1831.47171 6141.53551 10624.68111 11218.46411 13945.96561 12541.54861 8772.63511 7905.58711 6825.61111
200504 168345 1679.5228 6438.3992 11307.844 12230.842 15426.2045 13872.6875 7991.414 7201.586 11987.5 1851.97231 6184.09191 10697.79511 11272.54511 13995.58861 12586.17361 8811.55911 7940.66311 6868.61111
200505 169240 1700.8568 6475.4417 11368.597 12288.0765 15492.0905 13931.9375 8030.864 7237.136 12068.5 1873.08431 6233.08741 10778.01011 11336.33861 14058.97261 12643.17361 8847.32711 7972.89511 6903.61111
200506 170150 1717.8572 6509.9493 11429.613 12348.7445 15564.6485 13997.1875 8073.47 7275.53 12161.5 1897.64071 6277.29901 10849.54611 11393.73861 14116.51861 12694.92361 8892.56311 8013.65911 6935.61111
200507 170999 1737.7468 6546.7787 11489.051 12407.7395 15635.1215 14060.5625 8106.608 7305.392 12231.5 1918.75271 6317.48401 10912.14011 11448.59161 14176.14961 12748.54861 8935.69511 8052.52711 6968.61111
200508 171803 1757.0254 6580.7741 11540.599 12459.0975 15696.629 14115.875 8138.168 7333.832 12301.5 1935.14251 6361.31021 10981.57211 11504.41961 14232.23611 12798.98611 8970.41111 8083.81111 7011.61111
200509 172412 1766.359 6604.7435 11583.205 12502.8125 15750.005 14163.875 8160.786 7354.214 12346.5 1945.14291 6394.23981 11039.43211 11551.54961 14280.19111 12842.11111 8995.13311 8106.08911 7025.61111
200510 172860 1777.3594 6622.4191 11610.557 12531.2565 15785.033 14195.375 8177.618 7369.382 12378 1959.36571 6419.47901 11078.35611 11582.34761 14310.63211 12869.48611 9019.32911 8127.89311 7046.11111
200511 173542 1796.5826 6654.4194 11655.004 12576.542 15840.077 14244.875 8198.658 7388.342 12424 1970.14411 6458.70711 11144.36911 11637.11611 14367.34411 12920.48611 9044.57711 8150.64511 7070.11111
200512 174177 1807.8054 6679.1326 11692.876 12616.07 15888.866 14288.75 8225.484 7412.516 12472 1984.14491 6494.84731 11200.65111 11683.61311 14415.29911 12963.61111 9072.45511 8175.76711 7103.11111
200513 174878 1822.917 6707.954 11740.742 12664.807 15948.08 14342 8249.68 7434.32 12531 2007.36811 6534.08011 11259.56311 11731.37311 14463.67111 13007.11111 9098.22911 8198.99311 7136.11111
200514 175499 1832.9732 6734.9118 11781.77 12706.745 15999.1625 14387.9375 8277.032 7458.968 12596 2023.97991 6561.21931 11300.06511 11769.35611 14507.24761 13046.29861 9124.00311 8222.21911 7169.11111
200515 176213 1852.4184 6762.1916 11821.22 12748.882 16051.913 14435.375 8305.436 7484.564 12647 2046.75871 6606.68251 11370.54911 11827.27011 14566.67011 13099.73611 9149.25111 8244.97111 7192.11111
200516 176720 1870.1968 6788.9272 11862.248 12784.06 16089.443 14469.125 8320.164 7497.836 12697 2061.20351 6633.11871 11416.31111 11864.55511 14604.61711 13133.86111 9160.29711 8254.92511 7212.11111
200517 177111 1882.3084 6808.4121 11891.441 12808.9785 16115.9225 14492.9375 8331.21 7507.79 12715 2076.75982 6663.00812 11460.86922 11898.19972 14636.21172 13162.28472 9172.50622 8265.93822 7221.22222
200518 177745 1905.4204 6841.6276 11940.096 12852.416 16163.8775 14536.0625 8353.828 7528.172 12740 2105.98342 6707.16102 11521.62222 11945.65822 14682.49872 13203.90972 9196.17622 8287.26822 7233.22222
200519 178277 1918.532 6866.767 11980.598 12890.607 16207.871 14575.625 8366.978 7540.022 12785 2122.98382 6733.77862 11566.85822 11982.83622 14720.65422 13238.22222 9216.69022 8305.75422 7257.22222
200520 178988 1942.866 6895.525 12024.782 12934.955 16261.247 14623.625 8390.648 7561.352 12833 2145.42902 6778.41642 11641.02422 12039.62722 14774.86422 13286.97222 9241.41222 8328.03222 7284.22222
200521 179395 1954.5332 6915.8488 12054.764 12965.39 16298.1515 14656.8125 8407.48 7576.52 12862 2162.31862 6804.72582 11679.42222 12066.57422 14798.00772 13307.78472 9251.93222 8337.51222 7295.22222
200522 179837 1966.64471 6934.81901 12084.59411 12996.14261 16335.79261 14690.67361 8421.79311 7589.42911 12891.11111 2179.09702 6831.06692 11719.66122 12097.27572 14827.19772 13334.03472 9271.39422 8355.05022 7311.22222
200523 180196 1973.64511 6951.70561 12110.36811 13020.00161 16362.89761 14715.04861 8436.52111 7602.70111 12913.11111 2190.20862 6850.68332 11749.11722 12123.65172 14856.38772 13360.28472 9286.64822 8368.79622 7324.22222
200524 180489 1982.08991 6966.56981 12132.98611 13041.34661 16387.50061 14737.17361 8447.04111 7612.18111 12932.11111 2199.43102 6868.76692 11781.72922 12144.42972 14871.81672 13374.15972 9296.64222 8377.80222 7335.22222
200525 180943 1992.31271 6986.41751 12161.12711 13066.77911 16415.85661 14762.67361 8464.92511 7628.29711 12965.11111 2217.98742 6903.37902 11834.06622 12181.64822 14904.34272 13403.40972 9315.57822 8394.86622 7344.22222
200526 181512 2007.09111 7010.26011 12196.36911 13104.94011 16464.02011 14805.98611 8483.33511 7644.88711 12997.11111 2238.32182 6945.60462 11897.18622 12225.58422 14941.66422 13436.97222 9339.24822 8416.19622 7357.22222
200527 182043 2025.20311 7043.60711 12245.28711 13141.51511 16498.00561 14836.54861 8504.37511 7663.84711 13032.11111 2247.54462 6975.84082 11946.10422 12263.82322 14978.98572 13470.53472 9362.39222 8437.05222 7370.22222
200528 182482 2040.48171 7067.60851 12276.84711 13171.64711 16533.03361 14868.04861 8519.10311 7677.11911 13069.11111 2266.04553 7001.63113 11979.35333 12293.03533 15010.78883 13499.14583 9374.60133 8448.06533 7386.33333
200529 182862 2060.59371 7090.69851 12305.25111 13197.18511 16561.38961 14893.54861 8533.30511 7689.91711 13088.11111 2288.82424 7026.85464 12011.02444 12316.62244 15032.58394 13518.75694 9385.75844 8458.13044 7403.44444
200530 183207 2073.81651 7110.67771 12333.65511 13220.22711 16584.74161 14914.54861 8540.14311 7696.07911 13106.11111 2306.38064 7053.97124 12048.37044 12345.74744 15060.93994 13544.25694 9393.12244 8464.76644 7409.44444
200531 183419 2080.15011 7122.54911 12352.06511 13234.68411 16598.91961 14927.29861 8549.08511 7704.13711 13113.11111 2316.38096 7068.23916 12070.57356 12362.00056 15075.64606 13557.49306 9399.01956 8470.09156 7417.55556
200601 183659 2087.48371 7135.99851 12373.63111 13250.40711 16613.09761 14940.04861 8556.44911 7710.77311 13126.11111 2325.82576 7085.47036 12097.92556 12381.08456 15091.90906 13572.11806 9409.01356 8479.09756 7422.55556
200602 184002 2108.59571 7160.27201 12404.40211 13273.56661 16634.78161 14959.54861 8563.81311 7717.40911 13140.11111 2348.49296 7105.39966 12127.11856 12405.48306 15117.34606 13594.99306 9421.63756 8490.47356 7428.55556
200603 184470 2124.15211 7189.49261 12445.95611 13307.18761 16668.76711 14990.11111 8573.80711 7726.41511 13160.11111 2373.16056 7141.29506 12180.24456 12442.70606 15149.24656 13623.68056 9435.83956 8503.27156 7434.55556
200604 184912 2149.04211 7216.38261 12477.51611 13331.18361 16691.49361 15010.54861 8587.74611 7738.97611 13182.11111 2395.60616 7177.30846 12229.16256 12481.15306 15186.98506 13657.61806 9446.62256 8512.98856 7439.55556
200605 185297 2167.48731 7238.92841 12507.49811 13356.31461 16717.76461 15034.17361 8601.94811 7751.77411 13200.11111 2413.05127 7202.75857 12266.61967 12509.34917 15213.36717 13681.35417 9458.83167 8524.00167 7451.66667
200606 185569 2179.59891 7253.81081 12527.48611 13374.10861 16737.36361 15051.79861 8609.31211 7758.41011 13211.11111 2428.38527 7223.88957 12295.54967 12531.35417 15234.21717 13700.10417 9467.77367 8532.05967 7452.66667
200607 185755 2189.93251 7263.57821 12541.68811 13385.83761 16749.45661 15062.67361 8614.57211 7763.15011 13218.11111 2435.60767 7235.66117 12315.53767 12544.57217 15244.64217 13709.47917 9477.24167 8540.59167 7462.66667
200608 186125 2202.37731 7281.20391 12569.82911 13410.02211 16775.31061 15085.92361 8627.19611 7774.52611 13231.11111 2454.27527 7264.58707 12354.72467 12575.89167 15275.91717 13737.60417 9488.81367 8551.01967 7464.66667
200609 186530 2215.71131 7302.46641 12599.02211 13436.50061 16804.91761 15112.54861 8635.08611 7781.63611 13247.11111 2467.72047 7298.31037 12407.06167 12613.31817 15308.86017 13767.22917 9498.80767 8560.02567 7473.66667
200610 187019 2246.37931 7334.33991 12636.10511 13467.08011 16836.40111 15140.86111 8646.65811 7792.06411 13265.11111 2495.72167 7334.37367 12455.19067 12651.65667 15347.01567 13801.54167 9512.48367 8572.34967 7483.66667
200611 187320 2258.99111 7352.40561 12658.46011 13485.19961 16854.74911 15157.36111 8655.07411 7799.64811 13280.11111 2512.00027 7359.03257 12488.06567 12675.86817 15369.11667 13821.41667 9522.47767 8581.35567 7488.66667
200612 187690 2284.21431 7374.93791 12683.97111 13506.66511 16877.26711 15177.61111 8664.01611 7807.70611 13314.11111 2528.11187 7379.04347 12518.31067 12704.43267 15402.05967 13851.04167 9529.84167 8587.99167 7498.66667
200613 188036 2308.54871 7399.67401 12712.11211 13528.97761 16899.36811 15197.48611 8668.75011 7811.97211 13328.11111 2550.11307 7408.00577 12552.23767 12731.35417 15428.74767 13875.04167 9536.67967 8594.15367 7504.66667
200614 188297 2316.43791 7413.04181 12732.62611 13545.52661 16916.04811 15212.48611 8674.53611 7817.18611 13338.11111 2561.66907 7427.96677 12583.27167 12756.28317 15453.76767 13897.54167 9543.51767 8600.31567 7506.66667
200615 188694 2327.99391 7430.89881 12759.45211 13573.96761 16951.49311 15244.36111 8682.95211 7824.77011 13350.11111 2577.89187 7454.25797 12624.29967 12793.12517 15494.63367 13934.29167 9549.30367 8605.52967 7514.66667
200616 189655 2355.43951 7471.12021 12816.78611 13627.43861 17012.58361 15299.29861 8694.52411 7835.19811 13368.11111 2604.00427 7529.21357 12748.43567 12906.88117 15622.86117 14049.60417 9566.13567 8620.69767 7526.66667
200617 190346 2385.82971 7505.66451 12859.65511 13664.81111 17053.03261 15335.67361 8707.41111 7846.81111 13385.61111 2634.72807 7583.25627 12824.96867 12978.97367 15705.84417 14124.22917 9580.07467 8633.25867 7536.16667
200618 190898 2415.88687 7547.49247 12911.25867 13701.14467 17084.36317 15363.85417 8722.72067 7860.61267 13392.66667 2666.56242 7622.46302 12882.88422 13024.28722 15750.10172 14164.03472 9593.80622 8645.63822 7548.22222
200619 191617 2456.33327 7590.45307 12958.07267 13743.42767 17131.48417 15406.22917 8739.55267 7875.78067 13409.66667 2713.12002 7681.04042 12959.15422 13088.99422 15818.48972 14225.53472 9606.95622 8657.48822 7555.22222
200620 192066 2474.55638 7615.23218 12989.74378 13768.88678 17157.03228 15429.21528 8749.13178 7884.42378 13422.77778 2734.01002 7721.34342 13017.54022 13131.13522 15856.01972 14259.28472 9622.73622 8671.70822 7561.22222
200621 192412 2489.33478 7635.26128 13017.35878 13791.82028 17180.80128 15450.59028 8753.33978 7888.21578 13424.77778 2748.12162 7745.03632 13055.14922 13167.22972 15898.13672 14297.15972 9627.99622 8676.44822 7565.22222
200622 192926 2508.44678 7661.77028 13052.60078 13825.09328 17219.16528 15485.09028 8762.28178 7896.27378 13429.77778 2771.78913 7782.52103 13113.12033 13217.79883 15952.87483 14346.39583 9641.78333 8688.88333 7570.33333
200623 193433 2525.44758 7690.54648 13094.15478 13861.52228 17258.78028 15520.71528 8774.37978 7907.17578 13441.77778 2796.23464 7813.02274 13152.68144 13260.77494 16007.19594 14395.25694 9654.51844 8700.37044 7578.44444
200624 193910 2544.44838 7718.79668 13134.65678 13895.65728 17294.64228 15552.96528 8780.69178 7912.86378 13456.77778 2816.23544 7846.26994 13203.17744 13303.70294 16052.64894 14436.13194 9666.09044 8710.79844 7583.44444
200625 194396 2567.56038 7746.35768 13172.00278 13929.56628 17332.58928 15587.09028 8789.10778 7920.44778 13469.77778 2843.57016 7879.88246 13242.73856 13342.31106 16098.21306 14477.11806 9680.92956 8724.18156 7592.55556
200626 194903 2594.56158 7778.34448 13211.97878 13963.90628 17369.28528 15620.09028 8803.83578 7933.71978 13479.77778 2869.79336 7915.95926 13295.33856 13384.83506 16141.16406 14515.74306 9690.92356 8733.18756 7600.55556
200627 195236 2607.56238 7804.35918 13248.00978 13990.73578 17394.09678 15642.40278 8811.19978 7940.35578 13484.77778 2886.34936 7936.05176 13326.63556 13411.63756 16169.72856 14541.43056 9697.23556 8738.87556 7604.55556
200628 195502 2626.00758 7822.69698 13269.57578 14009.37078 17414.11278 15660.40278 8814.88178 7943.67378 13489.77778 2903.46087 7952.26047 13350.94267 13433.51867 16194.02567 14563.29167 9702.60667 8743.72667 7607.66667
200629 195956 2644.23078 7852.46178 13309.55178 14041.83878 17447.05578 15690.02778 8827.50578 7955.04978 13495.77778 2922.23927 7986.09707 13406.17267 13474.18567 16231.13867 14596.66667 9712.60067 8752.73267 7610.66667
200630 196406 2670.67638 7884.00418 13349.52778 14072.74678 17476.87128 15716.84028 8836.44778 7963.10778 13506.77778 2943.35127 8018.39207 13452.98667 13510.33267 16265.95817 14627.97917 9725.22467 8764.10867 7620.66667
200701 196850 2696.12198 7913.83708 13386.08478 14101.55528 17505.22728 15742.34028 8847.49378 7973.06178 13519.77778 2966.01887 8048.89597 13495.32967 13547.07817 16305.57317 14663.60417 9736.27067 8774.06267 7627.66667
200702 197246 2716.78938 7937.73868 13419.22278 14128.57628 17532.74928 15767.09028 8854.33178 7979.22378 13528.77778 2977.79707 8078.36577 13545.82567 13582.51817 16336.01417 14690.97917 9750.47267 8786.86067 7632.66667
200703 197651 2747.56818 7961.63588 13446.57478 14152.23628 17558.18628 15789.96528 8866.42978 7990.12578 13538.77778 3001.57587 8104.89297 13578.43767 13616.19217 16377.29717 14728.10417 9760.46667 8795.86667 7636.66667
200704 197943 2767.67978 7978.88528 13471.29678 14171.72128 17577.36828 15807.21528 8874.84578 7997.70978 13548.77778 3019.79867 8125.39817 13607.89367 13638.61617 16398.56417 14747.22917 9768.88267 8803.45067 7637.66667
200705 198181 2779.01338 7991.80868 13491.81078 14188.06228 17593.63128 15821.84028 8880.10578 8002.44978 13550.77778 3034.24347 8141.05137 13632.08967 13658.72217 16419.41417 14765.97917 9776.77267 8810.56067 7642.66667
200706 198547 2795.01409 8013.23219 13520.32589 14211.00739 17616.67739 15842.57639 8890.73689 8012.04089 13560.88889 3053.13338 8168.47868 13666.39078 13690.43628 16455.38728 14798.34028 9785.29978 8818.25578 7648.77778
200707 198932 2816.45969 8042.93359 13556.61989 14235.75839 17637.11039 15860.95139 8899.15289 8019.62489 13568.88889 3075.02298 8198.47008 13712.15278 13724.39328 16486.66228 14826.46528 9794.24178 8826.31378 7650.77778
200708 199328 2838.46049 8067.76479 13590.28389 14262.15839 17662.96439 15884.20139 8911.77689 8031.00089 13571.88889 3098.24618 8225.60488 13746.86878 13755.79128 16521.69028 14857.96528 9806.86578 8837.68978 7656.77778
200709 199710 2862.73909 8094.92219 13628.15589 14290.87039 17690.06939 15908.57639 8920.19289 8038.58489 13576.88889 3117.52478 8247.76528 13774.74678 13784.65428 16557.13528 14889.84028 9820.01578 8849.53978 7657.77778
200710 200162 2888.18429 8121.67599 13666.55389 14319.89739 17717.38289 15933.13889 8934.39489 8051.38289 13583.88889 3144.08149 8284.67879 13825.35389 13823.22139 16593.73389 14922.76389 9829.06889 8857.70889 7664.88889
200711 200510 2905.18469 8138.03659 13691.27589 14340.00639 17737.81589 15951.51389 8943.33689 8059.44089 13589.88889 3167.63789 8313.11039 13865.32989 13853.81739 16622.92389 14949.01389 9844.32289 8871.45489 7665.88889
200712 200747 2916.29629 8155.28599 13715.99789 14358.24339 17754.49589 15966.51389 8949.64889 8065.12889 13596.88889 3173.41589 8325.58939 13885.84389 13874.11039 16647.10989 14970.76389 9849.58289 8876.19489 7665.88889
200713 201219 2931.90809 8187.94819 13767.54589 14396.39339 17789.52389 15998.01389 8959.64289 8074.13489 13599.88889 3193.02769 8354.56959 13930.02789 13913.67439 16690.89489 15010.13889 9864.31089 8889.46689 7667.88889
200714 201689 2951.35369 8221.85759 13812.25589 14429.30439 17819.54789 16025.01389 8971.74089 8085.03689 13610.88889 3215.25089 8389.06839 13979.47189 13952.22839 16728.42489 15043.88889 9878.51289 8902.26489 7672.88889
200715 202258 2977.02169 8260.70059 13863.27789 14467.76339 17855.61839 16057.45139 8982.26089 8094.51689 13623.88889 3249.69689 8433.81539 14037.85789 13999.46539 16776.17139 15086.82639 9894.81889 8916.95889 7679.88889
200716 202747 2999.57809 8291.49919 13907.98789 14502.33839 17888.97839 16087.45139 8996.46289 8107.31489 13630.88889 3282.80889 8466.63639 14085.72389 14038.63439 16816.20339 15122.82639 9908.49489 8929.28289 7683.88889
200717 203275 3024.13449 8325.97979 13960.06189 14542.57139 17927.75939 16122.32639 9008.56089 8118.21689 13637.88889 3302.69889 8505.09839 14140.42789 14082.41839 16859.98839 15162.20139 9921.11889 8940.65889 7692.88889
200718 203772 3037.24649 8357.35429 14005.03489 14579.33189 17965.28939 16156.07639 9019.60689 8128.17089 13648.88889 3329.14449 8539.66529 14186.45289 14123.76089 16905.85839 15203.45139 9934.26889 8952.50889 7699.88889
200719 204164 3051.69169 8380.68909 14036.59489 14608.94389 17999.27489 16186.63889 9030.65289 8138.12489 13664.88889 3346.81169 8560.77809 14218.01289 14154.41289 16941.92889 15235.88889 9944.26289 8961.51489 7702.88889
200720 204774 3076.804 8424.7535 14100.615 14656.3235 18042.754 16225.75 9043.914 8150.086 13681 3378.14609 8600.24219 14275.60989 14201.22939 16989.46689 15278.63889 9961.62089 8977.15689 7709.88889
200721 205373 3096.2492 8463.0793 14162.157 14702.8505 18086.539 16265.125 9060.22 8164.78 13692 3399.92489 8643.60139 14341.88589 14253.39939 17040.75789 15324.76389 9973.19289 8987.58489 7714.88889
200722 206055 3123.6396 8510.4064 14226.592 14757.818 18144.919 16317.625 9071.792 8175.208 13698 3435.64849 8691.43629 14410.00289 14307.76389 17094.96789 15373.51389 9990.02489 9002.75289 7722.88889
200723 206697 3159.1968 8555.6477 14284.189 14803.3865 18189.955 16358.125 9082.312 8184.688 13714 3466.7612 8737.6593 14470.341 14360.7385 17152.625 15425.375 10006.968 9018.032 7727
200724 207426 3192.4756 8597.1659 14346.783 14857.5115 18248.1265 16410.4375 9093.884 8195.116 13726 3501.152 8792.5365 14541.877 14421.7785 17217.4685 15483.6875 10028.008 9036.992 7735
200725 208012 3211.7542 8630.6353 14397.279 14905.4315 18303.5875 16460.3125 9104.141 8204.359 13744.5 3517.43051 8829.69921 14601.42611 14472.35661 17270.95561 15531.79861 10039.42811 9047.29411 7739.61111
200726 208461 3223.3102 8657.6973 14442.515 14941.0495 18338.6155 16491.8125 9113.609 8212.891 13749.5 3533.98691 8862.33881 14649.81811 14511.94461 17311.40461 15568.17361 10051.00011 9057.72211 7743.61111
200727 209149 3246.089 8700.662 14508.002 14994.463 18393.034 16540.75 9130.967 8228.533 13763.5 3561.09971 8919.85951 14731.08511 14570.64811 17363.73811 15615.23611 10063.62411 9069.09811 7748.61111
200728 209881 3282.20171 8749.12051 14572.81111 15046.42311 18445.06161 16587.54861 9146.85811 8242.86411 13769.61111 3593.54562 8975.13782 14812.20022 14632.89322 17423.27172 15668.78472 10084.24922 9087.69522 7760.72222
200729 210656 3320.64811 8804.44211 14644.34711 15103.82311 18502.60761 16639.29861 9158.95611 8253.76611 13786.61111 3624.32473 9031.97593 14899.10133 14701.72333 17491.35383 15730.02083 10094.88033 9097.28633 7770.83333
200730 211398 3348.76091 8857.88631 14717.46111 15159.98411 18556.40061 16687.67361 9172.63211 8266.09011 13800.61111 3665.32673 9093.52793 14982.20933 14763.34933 17548.06583 15781.02083 10109.08233 9110.08433 7777.83333
200731 212269 3383.54042 8922.80052 14812.51522 15228.23672 18616.76822 16741.97222 9195.88722 8287.05722 13824.72222 3693.10624 9154.76014 15069.89944 14829.89594 17610.93544 15837.56944 10133.91544 9132.47344 7792.94444
200801 212961 3403.98562 8967.70132 14887.20722 15286.90272 18674.31422 16793.72222 9211.40422 8301.04022 13840.72222 3722.44104 9203.08934 15137.22744 14883.94394 17665.14544 15886.31944 10150.48444 9147.40444 7797.94444
200802 213519 3430.87562 9007.34682 14944.27822 15330.18022 18715.18022 16830.47222 9220.87222 8309.57222 13851.72222 3746.33104 9246.15384 15201.13644 14928.92444 17703.92644 15921.19444 10166.79044 9162.09844 7801.94444
200803 214423 3464.09922 9068.85772 15039.74722 15399.46872 18777.31322 16886.34722 9239.80822 8326.63622 13867.72222 3778.99953 9320.09863 15311.69633 15008.12683 17773.62033 15983.95833 10185.03733 9178.62933 7812.83333
200804 215357 3501.65642 9130.40502 15129.95622 15473.92722 18854.04122 16955.34722 9251.90622 8337.53822 13878.72222 3817.66833 9398.36933 15425.57533 15089.37633 17844.92733 16048.08333 10205.55133 9197.11533 7816.83333
200805 216365 3544.54762 9206.11382 15235.15622 15546.70322 18915.34022 17010.47222 9270.05322 8353.89122 13885.72222 3857.00398 9488.46158 15559.09778 15182.30778 17923.76778 16119.02778 10225.19478 9214.86078 7827.27778
200806 217436 3602.16162 9280.76182 15326.68022 15617.52922 18983.72822 17071.97222 9290.56722 8372.37722 13908.72222 3906.6174 9579.1206 15693.976 15277.106 18005.305 16192.375 10252.243 9239.257 7835.5
200807 218484 3655.22022 9354.99272 15414.25922 15688.95672 19056.49472 17137.40972 9304.24322 8384.70122 13918.72222 3969.67582 9675.46612 15829.11722 15371.90572 18086.63372 16265.53472 10269.82322 9255.12122 7845.72222
200808 219318 3688.72218 9419.04888 15503.20878 15751.60728 19110.55178 17186.02778 9316.39678 8395.65878 13928.77778 4008.06698 9753.67908 15940.15878 15445.08228 18144.02678 16317.15278 10285.13278 9268.92278 7855.77778
200809 219936 3717.33438 9461.36518 15566.06578 15798.14178 19153.29428 17224.46528 9330.07278 8407.98278 13935.77778 4039.79069 9809.04809 16021.01089 15499.52589 18188.13139 16356.82639 10293.13389 9276.14389 7857.88889
200810 221194 3774.55998 9563.78258 15703.35178 15898.86878 19244.82578 17306.77778 9347.43078 8423.62478 13947.77778 4088.23771 9911.84151 16174.82511 15609.72011 18285.30611 16444.23611 10309.13611 9290.58611 7869.11111
200811 222423 3838.67438 9657.42118 15824.85778 15986.40178 19322.59628 17376.71528 9364.78878 8439.26678 13960.77778 4150.90762 10025.92382 16337.99622 15719.64922 18374.44672 16524.40972 10327.13122 9306.81322 7884.22222
200812 223882 3910.12238 9770.55818 15980.02778 16094.09478 19413.71078 17458.65278 9388.45878 8460.59678 13978.77778 4246.69042 10164.50902 16514.73222 15838.90522 18471.39922 16611.59722 10353.95722 9330.98722 7894.22222
200813 225298 3984.68189 9875.97089 16111.63889 16195.31589 19510.77439 17545.95139 9404.34989 8474.92789 13989.88889 4324.91682 10300.69962 16703.56622 15968.42222 18579.19372 16708.53472 10370.78922 9346.15522 7902.22222
200814 226632 4046.62929 9974.69249 16249.97689 16296.15289 19601.68039 17627.70139 9427.49389 8495.78389 14001.88889 4388.75382 10427.57162 16883.98422 16084.68322 18667.18072 16787.65972 10391.82922 9365.11522 7913.22222
200815 227589 4091.79829 10051.54399 16357.01789 16369.04339 19661.72839 17681.70139 9444.85189 8511.42589 14008.88889 4427.36673 10509.19543 17011.12433 16169.44683 18734.84583 16848.52083 10408.24633 9379.92033 7922.33333
200816 228386 4114.35509 10105.54119 16440.12589 16432.43739 19721.98489 17735.88889 9453.26789 8519.00989 14015.88889 4461.81313 10586.08303 17125.79233 16245.91683 18795.93633 16903.45833 10416.66233 9387.50433 7924.33333
200817 229937 4173.80269 10225.46159 16616.86189 16553.46139 19822.48189 17826.26389 9473.78189 8537.49589 14021.88889 4534.92824 10729.28614 17332.09544 16386.56394 18911.97344 17007.81944 10442.02144 9410.36744 7930.44444
200818 231454 4234.306 10340.7365 16781.085 16667.5565 19919.1285 17913.1875 9493.881 8555.619 14029 4610.98747 10875.57937 17551.13367 16526.66617 19016.65417 17101.97917 10466.43967 9432.39367 7937.66667
200819 233008 4295.03196 10468.72516 16962.34756 16788.86956 20016.55356 18000.80556 9513.13556 8572.97556 14039.05556 4675.04702 11018.85842 17757.64422 16666.63522 19131.17622 17204.97222 10494.63622 9457.80822 7943.72222
200820 234393 4355.53476 10569.57336 17108.04956 16890.37256 20102.87256 18078.43056 9531.54556 8589.56556 14049.05556 4738.99502 11152.24642 17953.31622 16795.46322 19232.09022 17295.72222 10518.83222 9479.61222 7951.72222
200821 235890 4422.76016 10679.98496 17265.32356 17005.35756 20206.91406 18171.99306 9549.16656 8605.44456 14064.55556 4806.66562 11289.14882 18148.46222 16930.42422 19345.72272 17397.90972 10541.18722 9499.75722 7959.22222
200822 236934 4464.87336 10759.52076 17382.62156 17087.87456 20278.01256 18235.93056 9565.99856 8620.61256 14066.55556 4840.88962 11378.98682 18292.58622 17027.03022 19423.49322 17467.84722 10559.59722 9516.34722 7965.22222
200823 237767 4498.09696 10819.58516 17475.19756 17153.09056 20334.30756 18286.55556 9577.30756 8630.80356 14068.55556 4870.89113 11454.17153 18412.62533 17106.44933 19486.15433 17524.20833 10571.01733 9526.64933 7971.33333
200824 239273 4559.43367 10941.31267 17650.99267 17267.45967 20422.19717 18365.60417 9602.14067 8653.19267 14076.66667 4926.44953 11588.07613 18623.55133 17248.36433 19601.03783 17627.52083 10589.42733 9543.23933 7986.33333
200825 240807 4616.65942 11064.54002 17826.73222 17388.22122 20522.95822 18456.22222 9630.60022 8678.84422 14085.72222 4984.89729 11732.75149 18846.63089 17386.45189 19698.46289 17715.13889 10612.62689 9564.15089 7995.38889
200826 242275 4678.82953 11173.25813 17975.17533 17495.25833 20618.14533 18541.83333 9656.22233 8701.94433 14093.83333 5045.06749 11875.64829 19061.76489 17524.95889 19803.12989 17809.26389 10633.92989 9583.34789 8003.38889
200827 243693 4722.60984 11275.10154 18128.08944 17605.96094 20717.08544 18630.81944 9678.42544 8721.96344 14106.94444 5108.95931 12006.85041 19265.28611 17655.19661 19900.51311 17896.86111 10659.40011 9606.32211 8006.61111
200828 244997 4771.77896 11376.05616 18281.00356 17705.43156 20793.50756 18699.55556 9696.15756 8737.95356 14128.05556 5160.57331 12127.91791 19449.64911 17775.32811 19993.08711 17980.11111 10681.75511 9626.46711 8012.61111
200829 245881 4803.89167 11442.26717 18381.31767 17771.42617 20845.11817 18745.97917 9707.31467 8748.01867 14135.16667 5190.01931 12208.03841 19578.78211 17863.21661 20065.43661 18045.17361 10695.43111 9638.79111 8015.61111
200830 246648 4825.55927 11496.70407 18471.52667 17834.75667 20899.53667 18794.91667 9719.67567 8759.15767 14140.16667 5218.79851 12276.83171 19687.92711 17933.51911 20118.60411 18092.98611 10708.31811 9650.40411 8018.61111
200831 247917 4865.45047 11591.48037 18614.86167 17934.47817 20984.18767 18871.04167 9739.66367 8777.16967 14146.16667 5265.02273 12387.12943 19868.30433 18051.14483 20209.31533 18174.58333 10734.84033 9674.32633 8027.83333
200901 249374 4920.56427 11695.95157 18770.03167 18043.93917 21078.84667 18956.16667 9769.38267 8803.95067 14156.16667 5322.35933 12521.04783 20070.81433 18184.37983 20313.56533 18268.33333 10764.03333 9700.63333 8033.83333
200902 250719 4961.56667 11799.24367 18928.62067 18148.94767 21161.82967 19030.79167 9790.42267 8822.91067 14174.16667 5361.91693 12637.87973 20263.59333 18311.21533 20412.81133 18357.58333 10790.85933 9724.80733 8039.83333
200903 252116 5016.06987 11911.19247 19088.52467 18257.08367 21250.02517 19110.10417 9814.61867 8844.71467 14188.16667 5424.08693 12752.73973 20426.65333 18429.56133 20518.93783 18453.02083 10823.99733 9754.66933 8051.83333
200904 253630 5080.23964 12024.89724 19253.44044 18375.82044 21355.38694 19204.88194 9840.14444 8867.74444 14209.44444 5495.59031 12879.63091 20612.60911 18558.40211 20627.63561 18550.79861 10852.67911 9780.54311 8060.11111
200905 254780 5117.35267 12103.79817 19372.80167 18468.76217 21445.68117 19286.10417 9865.61467 8890.71867 14225.66667 5538.25911 12964.47661 20739.63811 18657.61461 20724.37961 18637.79861 10873.19311 9799.02911 8069.11111
200906 255764 5147.24307 12177.03077 19489.04767 18551.58517 21518.23917 19351.35417 9886.12867 8909.20467 14236.66667 5574.59382 13038.59112 20860.20322 18740.78072 20794.12972 18700.53472 10894.87022 9818.57422 8075.22222
200907 257423 5213.85782 12302.55262 19667.15422 18680.99222 21634.42922 19455.84722 9920.90022 8940.54422 14253.72222 5631.31938 13180.46418 21077.23378 18883.51378 20905.73278 18800.90278 10932.27178 9852.28378 8089.27778
200908 259047 5261.13824 12416.66414 19842.27144 18806.49194 21745.15644 19555.44444 9965.04344 8980.34544 14288.94444 5683.48878 13308.39228 21278.42878 19021.21328 21019.99078 18903.65278 10976.19278 9891.86278 8102.27778
200909 260758 5312.64116 12538.98546 20028.58656 18943.38506 21869.74206 19667.49306 10009.33856 9020.27256 14304.05556 5740.43618 13440.51488 21483.56878 19167.87928 21149.05228 19019.71528 11012.48678 9924.56878 8125.27778
200910 262410 5358.81016 12649.76396 20203.48156 19071.57456 21986.08506 19772.11806 10056.15256 9062.45856 14321.05556 5811.16198 13575.04558 21681.08178 19305.55778 21266.22928 19125.09028 11056.67078 9964.38478 8143.27778
200911 264071 5417.31296 12760.08016 20368.11956 19194.71356 22100.55156 19875.05556 10099.54756 9101.56356 14359.05556 5872.10958 13705.74898 21879.38378 19445.94478 21388.20178 19234.77778 11100.59178 10003.96378 8164.27778
200912 265485 5454.48156 12861.07306 20531.44256 19308.48506 22197.29556 19962.05556 10137.41956 9135.69156 14385.05556 5917.5008 13808.8597 22038.721 19567.4025 21503.516 19338.5 11129.218 10029.782 8178.5
200913 266645 5488.53876 12942.08236 20660.57556 19405.10956 22287.15906 20042.86806 10158.45956 9154.65156 14407.05556 5950.55822 13896.52122 22176.49222 19664.71322 21587.76372 19414.28472 11157.31822 10055.12622 8195.72222
200914 268578 5542.15291 13076.20131 20867.87511 19560.68311 22432.33061 20173.42361 10206.11811 9197.60411 14436.11111 6019.39469 14035.05909 22390.74089 19824.80489 21736.38239 19547.95139 11212.97789 10105.29989 8212.88889
200915 270572 5585.76662 13219.47632 21102.31922 19722.81072 22568.80072 20296.15972 10261.98522 9247.95922 14479.22222 6084.12 14186.9045 22632.549 19986.1425 21865.3465 19663.9375 11272.001 10158.499 8238
200916 272648 5663.27053 13366.65613 21318.35333 19880.56933 22711.31733 20424.33333 10320.48233 9300.68433 14523.33333 6172.9572 14342.9968 22867.408 20152.634 22010.254 19794.25 11330.387 10211.113 8257
200917 274657 5729.10727 13505.52857 21527.77167 20032.16717 22846.75867 20546.16667 10364.73667 9340.59667 14560.66667 6238.90531 14499.56741 23107.11211 20325.39961 22163.82111 19932.36111 11382.30911 10257.91311 8296.11111
200918 276636 5787.99909 13645.54119 21748.91389 20190.27339 22985.84189 20671.26389 10420.71489 9391.06289 14585.88889 6301.13082 14643.28712 23328.66922 20490.26172 22316.13722 20069.34722 11434.49422 10304.95022 8320.22222
200919 278099 5835.05689 13743.20139 21899.34989 20305.11539 23095.09589 20769.51389 10454.37889 9421.39889 14614.88889 6340.85542 14748.85552 23492.25522 20613.70672 22432.06322 20173.59722 11478.67822 10344.76622 8336.22222
200920 279289 5862.78044 13820.76094 22027.74944 20401.79094 23185.64044 20850.94444 10484.15344 9448.23544 14636.94444 6372.6904 14836.3231 23634.027 20715.6715 22522.413 20254.875 11510.253 10373.247 8350.5
200921 281351 5925.95047 13959.47237 22237.84567 20563.26617 23340.36117 20990.10417 10548.28467 9506.04867 14690.16667 6427.41504 14980.65234 23873.80144 20890.84894 22680.69194 20397.25694 11555.67044 10414.21844 8368.94444
200922 283376 5977.28636 14094.16476 22455.73556 20721.83156 23482.94706 21118.36806 10600.22156 9552.88956 14728.05556 6489.19582 15137.56162 24127.34822 21066.56322 22829.00472 20530.65972 11605.91822 10459.52622 8398.72222
200923 285500 6032.73338 14232.46318 22680.55978 20888.79878 23636.83378 21256.77778 10654.62178 9601.93378 14755.77778 6553.64356 15292.81256 24371.74556 21249.14456 22998.43156 20683.05556 11670.94956 10518.16156 8421.55556
200924 287655 6095.29229 14370.01149 22888.44089 21040.27089 23773.30389 21379.51389 10710.75189 9652.52589 14801.38889 6640.4262 15467.1068 24622.566 21433.641 23166.51 20834.25 11744.245 10584.255 8450.5
200925 289892 6162.7404 14513.5376 23101.556 21217.022 23956.144 21544 10760.807 9697.693 14856.5 6726.43018 15624.71938 24857.96578 21613.93178 23338.59178 20989.02778 11809.22078 10642.83478 8479.27778
200926 291769 6224.7992 14639.2123 23288.023 21368.6775 24110.2255 21682.5625 10821.297 9752.203 14903.5 6789.26698 15753.14208 25045.48478 21757.27328 23475.15928 21111.84028 11859.71678 10688.33878 8498.27778
200927 293199 6264.0232 14727.3408 23428.728 21477.12 24214.4755 21776.3125 10861.799 9788.701 14929.5 6833.04698 15864.38758 25223.53578 21881.94478 23581.91128 21207.84028 11900.21878 10724.83678 8513.27778
200928 295630 6323.63782 14884.83412 23673.27722 21666.24772 24396.92672 21940.40972 10941.18422 9860.26022 14971.22222 6902.43969 16039.87159 25497.95589 22085.06839 23768.42139 21375.57639 11971.07689 10788.70089 8542.88889
200929 298148 6401.3082 15047.5388 23924.194 21856.611 24576.723 22102.125 11018.784 9930.216 15022.5 6980.88789 16216.91889 25776.44689 22295.77789 23966.78789 21554.01389 12045.21689 10855.56089 8576.38889
200930 300844 6466.58976 15214.50136 24182.51556 22065.51556 24787.78056 22291.93056 11100.63256 10003.97856 15079.55556 7075.28127 16409.62407 26071.81067 22519.46667 24177.65067 21743.66667 12116.76767 10920.06567 8616.66667
201001 303785 6550.81611 15388.54361 24447.38611 22284.31461 25013.30761 22494.79861 11181.66611 10077.05611 15141.11111 7172.5094 16624.8901 26383.799 22759.9455 24408.7935 21951.5625 12225.983 11018.517 8660
201002 307046 6647.43196 15588.72516 24752.64756 22533.60156 25267.49656 22723.43056 11282.57656 10168.03456 15243.55556 7256.56956 16841.99656 26725.46556 23021.82256 24658.92356 22176.55556 12327.53056 11110.08056 8719.55556
201003 309962 6718.76891 15756.99931 25016.20311 22757.07311 25503.44861 22935.67361 11383.59811 10259.12411 15293.11111 7324.01776 17034.71836 27035.80556 23264.97656 24896.82206 22390.49306 12430.10056 11202.51056 8758.55556
201004 312201 6768.93829 15902.47249 25252.65489 22937.47389 25674.90489 23089.88889 11454.88589 10323.39189 15336.38889 7388.85464 17194.53224 27283.94044 23445.97044 25060.04944 22537.31944 12500.44744 11265.94144 8782.94444
201005 316000 6851.72096 16141.38316 25632.04156 23243.66856 25983.52606 23367.49306 11573.63956 10430.47156 15411.05556 7481.1926 17439.6074 27681.1 23754.652 25359.3855 22806.5625 12621.72 11375.28 8845.5
201006 320101 6971.17149 16404.58329 26036.34289 23565.06589 26302.65589 23654.51389 11694.95289 10539.82489 15483.38889 7608.97647 17711.81987 28103.09267 24090.62567 25693.44367 23107.04167 12754.93867 11495.39467 8883.16667
201007 324618 7073.95473 16666.93293 26451.27533 23914.61033 26669.64333 23984.58333 11838.46933 10669.19733 15584.83333 7740.42762 18006.97482 28558.63822 24463.60022 26074.72022 23449.97222 12898.04022 11624.40422 8947.72222
201008 329374 7205.40587 16953.56997 26889.45167 24268.91517 27027.30317 24306.35417 12003.12567 10817.70767 15709.66667 7893.6572 18329.7043 29056.223 24848.0595 26445.1685 23783.1875 13052.673 11763.827 9020
201009 334647 7353.69053 17267.57713 27379.03533 24669.96233 27437.46383 24675.27083 12182.63233 10979.53433 15870.33333 8037.94218 18666.13238 29584.31578 25271.06878 26868.36728 24163.84028 13220.19278 11914.86278 9104.77778
201010 339225 7464.19636 17534.04876 27795.32356 25026.26156 27816.94756 25016.55556 12333.55356 11115.55756 15976.55556 8172.33831 18965.34591 30037.53511 25633.51311 27230.44811 24489.48611 13384.37511 12062.84711 9170.11111
201011 343021 7560.64631 17762.36941 28141.19811 25316.45061 28120.45361 25289.54861 12456.66711 11226.55511 16049.11111 8271.89889 19217.14139 30439.91389 25946.70939 27534.59339 24763.07639 13514.54889 12180.22889 9229.88889
201012 349068 7703.09727 18137.31757 28760.32967 25795.60617 28583.04517 25705.60417 12640.27067 11392.06267 16186.16667 8438.46216 19609.19646 31069.15056 26439.34506 28016.06106 25196.11806 13714.56956 12360.54156 9321.05556
201013 355630 7871.32856 18535.65356 29374.79756 26303.66656 29107.26906 26177.11806 12859.44956 11589.66156 16333.05556 8612.47082 20043.81262 31764.40022 26974.89322 28530.47172 25658.78472 13926.68822 12551.75622 9414.72222
201014 363390 8064.67187 19008.96647 30121.27667 26905.38767 29713.15567 26722.04167 13112.80367 11818.02967 16545.66667 8840.14756 20547.42956 32569.48756 27605.66556 29147.42256 26213.68056 14162.38056 12764.23056 9527.55556
201015 371408 8281.46078 19479.50028 30839.08878 27505.59328 30339.05828 27284.96528 13387.98678 12066.06878 16774.27778 9077.04864 21066.80474 33363.87344 28242.48694 29785.19594 26787.25694 14454.17344 13027.21544 9645.94444
201016 380160 8513.63862 19986.29082 31627.69222 28169.01522 31034.59922 27910.59722 13688.19922 12336.74522 17053.72222 9319.33791 21609.54031 34217.92311 28931.46311 30479.29111 27411.61111 14750.92611 13294.79611 9824.61111
201017 387504 8697.14753 20392.41913 32261.63333 28741.10133 31671.67783 28483.52083 13938.42333 12562.24333 17226.83333 9488.73584 22059.04104 34935.72044 29519.64044 31081.14694 27952.88194 15023.46444 13540.42444 9927.94444
201018 394112 8836.04433 20787.35933 32892.80733 29265.71833 32215.73733 28972.83333 14154.32033 12756.84633 17379.83333 9655.29967 22461.96667 35575.53267 30046.60767 31622.92667 28440.16667 15255.88967 13749.94367 10042.16667
201019 404195 9105.11344 21402.14644 33850.18644 30056.44344 33030.83244 29705.94444 14504.95844 13072.93044 17620.44444 9890.36731 23070.88991 36551.18111 30847.79811 32444.44411 29178.98611 15599.02311 14059.19911 10204.11111
201020 416023 9410.51751 22085.41521 34912.03211 30933.93161 33935.84661 30519.92361 14906.41111 13434.81111 17985.11111 10178.21502 23785.79092 37691.84522 31806.88172 33449.56572 30083.03472 16024.59022 14442.85422 10436.22222
201021 429715 9755.92333 22870.13833 36140.62333 31985.22833 35055.00333 31526.58333 15344.95033 13830.21633 18401.83333 10551.73391 24652.01331 39043.66111 32897.60811 34548.53911 31071.61111 16504.82411 14875.89811 10658.61111
201022 443793 10083.21813 23674.28053 37405.49733 33075.77733 36223.51833 32577.70833 15851.59533 14287.07133 18879.33333 10916.80707 25474.11227 40333.33867 33983.07267 35687.00267 32095.66667 16986.82867 15310.50467 10947.66667
201023 458983 10474.73689 24531.60389 38742.51489 34243.15189 37488.12439 33715.20139 16389.09289 14771.68489 19383.38889 11323.88249 26368.24929 41722.09689 35161.01889 36931.25939 33214.82639 17502.42689 15775.35089 11244.38889
201024 471537 10804.69789 25254.51939 39856.26789 35207.71439 38525.99489 34648.63889 16819.04589 15159.23189 19769.88889 11692.9562 27134.3633 42890.139 36145.1375 37964.654 34144.25 17915.659 16147.841 11456
201025 482340 11046.09893 25848.90873 40800.01533 36051.60633 39458.47483 35487.39583 17217.33133 15518.33533 20104.33333 11975.13604 27768.64084 43892.22044 36993.26844 38858.51894 34948.38194 18262.34444 16460.54444 11648.44444
201026 498019 11429.67364 26719.99224 42155.99844 37222.03344 40713.83694 36616.63194 17798.25344 16042.13544 20677.44444 12425.15764 28725.59724 45371.17644 38212.54244 40112.93594 36076.75694 18818.43344 16961.95544 11938.44444
201027 514977 11839.69509 27691.11769 43666.45889 38519.95189 42100.59589 37864.01389 18431.87189 16613.40589 21263.88889 12874.4026 29729.3944 46920.094 39499.929 41447.43 37277.25 19438.961 17521.539 12277
201028 533589 12350.05384 28755.91154 45284.59744 39908.45094 43582.33344 39196.81944 19078.75144 17196.63744 21936.94444 13409.54082 30867.76112 48650.93722 40938.61372 42939.00822 38618.97222 20102.28722 18119.65722 12651.72222
201029 551572 12863.1362 29809.8913 46853.555 41261.9335 45033.4215 40502.0625 19719.056 17773.944 22603 13924.84402 31916.61392 50237.74922 42287.06972 44365.77172 39902.28472 20778.33022 18729.11422 13010.22222
201030 570038 13355.55171 30880.76851 48461.30711 42669.52911 46562.08661 41876.92361 20403.15211 18390.57011 23263.61111 14475.37171 33026.02351 51900.45711 43670.16811 45800.97261 41193.17361 21425.33211 19312.39011 13370.61111
201031 584179 13723.01391 31662.70781 49668.11011 43730.98461 47719.17661 42917.67361 20915.10911 18852.11311 23784.61111 14860.94787 33867.15297 53167.20167 44752.64817 46951.69517 42228.35417 21945.68267 19781.65067 13650.16667
201101 597149 14071.47578 32384.38378 50760.38578 44708.41778 48799.78828 43889.71528 21401.43278 19290.62278 24221.77778 15241.4116 34651.3444 54347.512 45737.948 47977.3465 43150.9375 22408.529 20198.971 13907
201102 615745 14552.27789 33438.92339 52380.73589 46120.01439 50326.24289 45262.63889 22077.61289 19900.16489 24916.88889 15768.99522 35775.93672 56033.19722 47138.58772 49429.26922 44456.84722 23066.93622 20792.50822 14307.22222
201103 635145 15100.4716 34531.9859 54023.415 47582.4675 51936.5975 46711.0625 22754.293 20510.207 25590 16314.85778 36953.55028 57800.98278 48606.35628 50949.57928 45824.34028 23793.50478 21447.55078 14713.77778
201104 654839 15646.33456 35660.49906 55685.50056 49075.13606 53591.93256 48199.93056 23483.51756 21167.59356 26406.55556 16876.16411 38090.90061 59502.29611 50049.52361 52474.17111 47195.61111 24509.35711 22092.86511 15131.11111
201105 674465 16168.80704 36793.26834 57386.81744 50543.27294 55166.36894 49616.13194 24213.83844 21826.05044 27216.94444 17471.19504 39258.57534 61216.20744 51492.84394 53988.83794 48558.00694 25226.49844 22739.39044 15581.94444
201106 693950 16700.16902 37932.58342 59089.33822 52020.14622 56757.37422 51047.22222 24916.95922 22459.98522 27909.72222 18111.67213 40429.00353 62899.85133 52928.69833 55512.56633 49928.70833 25916.52833 23361.63833 16027.83333
201107 709749 17157.30376 38839.68736 60429.31556 53214.89956 58074.63406 52231.99306 25463.46556 22952.64556 28536.05556 18591.25233 41359.14533 64265.79533 54103.09233 56768.19383 51058.02083 26468.48733 23859.17933 16375.83333
201108 721704 17461.04216 39530.79146 61484.00056 54135.51606 59071.30256 53128.68056 25901.67856 23347.93256 28982.55556 18967.9942 42051.4413 65253.871 54965.7975 57702.396 51898.5 26920.569 24266.931 16633
201109 740083 17953.17962 40608.76432 63108.22122 55524.50772 60548.81322 54457.84722 26559.90022 23941.54422 29678.72222 19513.58082 43151.61712 66828.72922 56308.92972 59127.75422 53180.72222 27619.37422 24897.07022 17073.72222
201110 759465 18522.70984 41701.96904 64686.52444 56962.63444 62161.94694 55908.88194 27260.57244 24573.31644 30548.44444 20105.88998 44275.38258 68444.71178 57714.94678 60646.14528 54546.59028 28306.70378 25516.85178 17580.77778
201111 780046 19096.01742 42843.65952 66371.18722 58460.33272 63809.16422 57390.47222 27998.69822 25238.74622 31624.72222 20742.20253 45506.81063 70208.52633 59207.83783 62219.91433 55962.20833 29074.53733 26209.12933 18081.83333
201112 800854 19731.21764 44051.14774 68107.89744 60024.41894 65546.72794 58953.75694 28758.88944 25924.49944 32594.94444 21393.84991 46722.28981 71907.44611 60659.15461 63761.87761 57349.54861 29845.33011 26904.39211 18616.61111
201113 821239 20301.52576 45181.27786 69758.44056 61536.71006 67250.57356 60486.30556 29495.24456 26588.36656 33613.05556 22032.94033 47902.85683 73568.09433 62111.29383 65336.98133 58766.33333 30568.12033 27556.04633 19184.83333
201114 836896 20771.43929 46054.28749 71009.78689 62708.49389 68593.06189 61693.76389 30075.41489 27111.36289 34435.88889 22504.96573 48781.98393 74815.89933 63212.37633 66540.44133 59848.83333 31100.03933 28035.62733 19602.33333
201115 848419 21083.45544 46684.47044 71945.51844 63599.79344 69627.10944 62623.81944 30479.36044 27475.52844 34986.94444 22871.31842 49410.57002 75684.11022 64013.97422 67448.88822 60665.97222 31517.99422 28412.45022 19887.72222
201116 866288 21578.26102 47691.88942 73401.63422 64943.82822 71150.06072 63993.65972 31118.86122 28052.08322 35926.72222 23428.23649 50413.77029 77104.34689 65248.70189 68781.57639 61864.70139 32194.72989 29022.54789 20372.38889
201117 885757 22082.3436 48744.2629 74963.213 66395.3765 72803.7415 65481.0625 31893.807 28750.693 37050 23986.98987 51484.80297 78619.58567 66595.94017 70263.20217 63197.47917 32885.46367 29645.36967 20913.66667
201118 906783 22689.04391 49897.08631 76592.42711 67923.33111 74556.04211 67057.23611 32706.40611 29483.31611 38290.61111 24663.47258 52700.88698 80281.88578 68052.48578 71845.53278 64620.90278 33637.52078 30323.53478 21461.27778
201119 927795 23298.18862 51044.65332 78210.51722 69451.88172 76318.18272 68642.40972 33500.51722 30199.42722 39626.72222 25333.73156 53868.41606 81878.12856 69446.46606 73355.72306 65979.36806 34476.06056 31079.55056 22085.05556
201120 948293 23924.16629 52150.78249 79756.23089 70935.49189 78049.02289 70199.13889 34283.79389 30905.48389 40869.38889 25984.93256 54985.14756 83421.49356 70853.38856 74934.44056 67399.43056 35227.53256 31757.07856 22656.05556
201121 962509 24328.29947 52925.13637 80862.37167 71995.23917 79283.78667 71309.66667 34832.63767 31400.19567 41625.66667 26435.84613 55764.94403 84486.08033 71824.91483 76025.75633 68380.95833 35765.85633 32242.31033 23019.33333
201122 973406 24617.59287 53512.21647 81723.11867 72807.03867 80218.86667 72150.66667 35247.59967 31774.23367 42281.66667 26769.80869 56351.42909 85295.30889 72563.75689 76855.89089 69127.63889 36164.54189 32601.73589 23342.88889
201123 990718 25111.12127 54465.81357 83060.36967 74086.70217 81708.51417 73490.47917 35909.20367 32370.62967 43298.66667 27338.11629 57313.72399 86621.51389 73723.34139 78113.68639 70258.95139 36807.20989 33181.06789 23858.88889
201124 1009206 25603.09338 55458.58268 84490.01878 75462.97228 83317.40928 74937.59028 36616.65478 33008.40078 44489.27778 27901.64738 58297.62068 87965.20278 74956.83628 79505.51928 71510.84028 37471.83278 33780.22278 24432.27778
201125 1029222 26201.45749 56547.89479 86049.53789 76925.94539 84995.48389 76447.01389 37397.95689 33712.82089 45892.38889 28554.23762 59393.23532 89458.77922 76256.48472 80909.12422 72773.47222 38204.02422 34440.42022 25061.72222
201126 1049067 26758.59784 57566.30054 87497.46344 78310.82794 86606.65744 77896.31944 38218.89044 34452.99844 47564.44444 29152.26887 60428.10897 90899.75567 77548.03317 82338.79167 74059.54167 38928.58867 35093.74467 25745.66667
201127 1068159 27304.68151 58540.53221 88878.09411 79652.00061 88183.99711 79315.36111 38971.47711 35131.74511 49118.61111 29750.02516 61432.18246 92221.74856 78775.15406 83734.79256 75315.43056 39651.46756 35745.64356 26436.05556
201128 1083491 27744.09338 59352.39618 90038.14578 80780.65578 89512.97278 80510.90278 39582.38478 35682.67078 50143.77778 30213.10582 62222.77162 93296.58822 79778.73122 84881.53922 76347.09722 40230.81522 36268.12922 26904.22222
201129 1094631 28080.889 59953.452 90878.682 81603.217 90485.135 81385.625 40028.421 36085.079 50879.5 30547.34607 62800.57927 94086.85067 80498.68267 85688.37467 77073.16667 40633.41567 36631.41767 27291.16667
201130 1111881 28520.69073 60845.84743 92182.07633 82845.05883 91926.11833 82681.70833 40742.95833 36729.20833 51988.83333 31009.92647 63690.95737 95367.76767 81663.26717 86992.41467 78246.16667 41320.21567 37250.61767 27877.16667
201201 1131432 29045.16153 61862.58413 93685.49133 84268.93633 93571.05583 84161.27083 41536.53633 37444.63033 53393.83333 31574.73567 64696.02467 96746.52067 82931.47367 88425.51617 79535.22917 42071.71367 37928.11967 28553.16667
201202 1153052 29650.13813 63003.59103 95321.45833 85859.44983 95443.46683 85845.39583 42423.47933 38244.18733 54924.33333 32195.82547 65797.69137 98262.03367 84315.58817 89981.00717 80934.35417 42910.26467 38684.06867 29255.66667
201203 1176318 30254.67056 64171.05106 97005.27656 87523.69606 97425.27106 87627.86806 43416.65956 39139.45156 56917.05556 32875.6962 66982.8973 99880.687 85760.9195 91576.1125 82369.1875 43783.05 39470.95 30137.5
201204 1198427 30839.98131 65330.56591 98661.26111 89129.02011 99311.16461 89324.17361 44297.05711 39933.16511 58645.61111 33494.45264 68100.09224 101428.25644 87164.00844 93143.97494 83779.38194 44630.25044 40234.63844 30979.94444
201205 1215758 31360.56311 66235.73161 99943.75611 90403.33361 100833.92111 90693.86111 45000.68911 40567.53311 59759.61111 33998.03467 68998.49717 102692.56367 88316.55117 94437.18667 84942.66667 45252.57467 40795.75867 31525.16667
201206 1229658 31704.13831 66980.72391 101037.39111 91462.82711 102077.78761 91812.79861 45553.59611 41066.12611 60699.11111 34363.05547 69663.57187 103604.25467 89204.70067 95484.06317 85884.35417 45791.33167 41281.50167 31986.66667
201207 1250380 32205.6642 67996.5228 102548.874 92971.007 103885.3695 93438.5625 46415.995 41843.505 62191.5 34944.25144 70686.33744 105060.34444 90549.33644 97008.13994 87255.25694 46617.27344 42026.11544 32735.94444
201208 1273877 32756.91478 69157.90828 104300.81278 94711.77928 105965.59878 95309.65278 47378.93378 42711.62178 63948.27778 35535.94967 71803.42017 106660.23967 92045.12117 98719.60267 88794.66667 47565.98067 42881.35267 33629.16667
201209 1299397 33411.83807 70436.30877 106166.79367 96565.99017 108181.71517 97302.85417 48473.27267 43698.06067 65870.16667 36230.09958 73074.54248 108424.45078 93682.28228 100582.57628 90470.21528 48547.50378 43766.05178 34512.27778
201210 1326590 34103.09613 71778.08653 108127.86533 98502.85733 110486.51133 99376.08333 49648.76333 44757.90333 68161.33333 36981.36138 74415.16318 110310.21578 95384.72678 102478.29678 92175.40278 49629.80378 44741.75178 35530.77778
201211 1352568 34819.799 73071.266 109985.63 100360.037 112714.8305 101380.4375 50749.088 45749.912 70444 37688.28913 75671.51253 112041.10333 96971.92033 104267.40383 93784.77083 50682.15133 45690.51533 36495.33333
201212 1373937 35303.43527 74104.81007 111548.49067 101929.07067 114603.33917 103078.85417 51675.48867 46584.84467 72238.66667 38241.92882 76656.38962 113437.97022 98300.61222 105807.52272 95169.90972 51515.14622 46441.29822 37299.22222
201213 1389401 35697.28902 74867.60142 112664.11422 103060.49222 115974.11422 104311.72222 52346.37922 47189.56522 73483.72222 38639.67151 77373.40771 114460.82511 99262.31611 106912.58511 96163.86111 52132.19211 46997.53011 37863.61111
201214 1412504 36243.92787 75981.92997 114334.71567 104744.72517 118006.47217 106139.72917 53321.60867 48068.72467 75368.66667 39265.4244 78451.5501 116000.949 100701.0605 108557.8285 97643.6875 53086.352 47857.648 38729
201215 1438499 36878.12609 77195.40219 116127.38989 106629.11339 120341.97539 108240.32639 54446.26289 49082.51489 77481.88889 39943.96076 79663.85486 117693.96456 102315.18206 110431.37806 99328.99306 54142.38156 48809.72956 39746.55556
201216 1467165 37529.10293 78522.74173 118128.18933 108692.11533 122867.64233 110512.20833 55723.28633 50233.88033 79763.83333 40646.16484 80994.04204 119600.58044 104109.60644 112494.45344 101184.81944 55365.19744 49912.19144 40884.94444
201217 1495571 38186.30176 79844.83686 120124.61056 110724.54906 125335.79206 112732.24306 57050.63556 51430.47556 82370.55556 41340.69962 82261.69732 121436.12722 105797.89672 114402.12772 102900.78472 56532.72422 50964.72022 42134.22222
201218 1522858 38786.10707 81103.50827 122086.73067 112690.53267 127698.32967 114857.29167 58295.02867 52552.30467 84638.66667 42004.17613 83463.65353 123194.15933 107468.60433 116336.82333 104641.08333 57755.55133 52067.11533 43218.33333
201219 1543273 39276.51969 82035.80809 123474.98889 114133.38689 129474.17839 116454.45139 59245.65489 53409.12289 86494.88889 42473.58787 84344.57047 124497.31667 108721.38767 117800.03317 105957.10417 58607.40067 52834.93267 44037.66667
201220 1558899 39573.92369 82734.20859 124567.09789 115263.84539 130861.74389 117702.51389 59981.13589 54072.14189 87801.88889 42832.43862 85009.35332 125476.41722 109681.44772 118936.95422 106979.72222 59301.93522 53461.00922 44661.22222
201221 1580201 39998.49991 83676.55931 126033.28511 116767.51211 132696.13661 119352.67361 60972.60811 54966.11411 89749.11111 43300.90667 85924.44867 126829.21067 110979.39267 120450.06217 108340.97917 60227.35367 54295.47967 45640.66667
201222 1605102 40517.63556 84743.95506 127670.01456 118530.09706 134912.01306 121346.11806 62160.65956 56037.45156 92148.05556 43820.26413 86917.42403 128326.87633 112444.26483 122181.27483 109898.39583 61339.98733 55298.67933 46808.83333
201223 1633102 41080.21842 85991.28252 129611.83522 120524.32072 137347.07922 123536.59722 63484.95622 57231.48822 94885.72222 44407.29576 88053.61086 129961.64656 114081.28506 124147.43956 111667.05556 62599.71956 56434.39156 48056.05556
201224 1652165 41460.18182 86819.41212 130884.52122 121880.14972 139040.84622 125060.22222 64408.90422 58064.54022 96649.22222 44834.37307 88837.62777 131092.00167 115218.31217 125517.39367 112899.29167 63457.60667 57207.72667 48832.66667
201225 1665043 41706.19362 87398.72982 131805.18022 122802.17322 140148.52172 126056.53472 65011.85922 58608.08522 97812.22222 45110.4986 89388.3204 131903.638 115988.667 126408.8135 113701.0625 64050.953 57742.547 49399
201226 1677757 41934.37118 87975.30488 132738.51878 123731.29228 141260.21428 127056.46528 65610.92478 59148.13078 99015.77778 45340.12233 89913.62483 132699.99433 116744.55983 127283.42783 114487.77083 64617.71033 58253.45633 49945.33333
201227 1689050 42134.93691 88519.58831 133622.21711 124582.34611 142255.46711 127951.61111 66159.29811 59642.42411 100057.61111 45538.46629 90364.73849 133388.24289 117394.20789 128032.03889 115161.13889 65107.39389 58694.88389 50443.38889
201228 1705391 42372.11489 89236.81539 134827.69389 125764.27139 143654.98639 129210.45139 66924.77589 60332.50189 101598.38889 45815.64604 91001.68334 134397.82544 118371.78694 129179.46794 116193.25694 65875.27944 59387.10944 51246.94444
201229 1727329 42727.18767 90169.39717 136343.66967 127306.26017 145526.25617 130893.72917 67987.60267 61290.73067 103982.16667 46175.71878 91822.65328 135691.91078 119640.00428 130680.41428 117543.46528 66918.72578 60327.82978 52301.27778
201230 1750359 43117.92831 91148.09741 137928.21811 128887.93261 147422.00411 132598.98611 69140.04211 62329.68011 106652.61111 46595.90609 92734.34619 137098.33789 120957.20939 132189.26989 118900.76389 67966.15789 61272.11989 53419.38889
201231 1765076 43386.16351 91797.02571 138964.04511 129895.76611 148608.99261 133666.67361 69848.96011 62968.76211 108275.61111 46884.92107 93343.34927 138014.54067 121809.59567 133160.86417 119774.72917 68633.29967 61873.53367 54169.16667
210101 1773203 43535.55942 92147.39502 139523.24222 130454.48422 149279.18022 134269.47222 70237.47022 63318.97422 109115.72222 47062.09653 93687.38013 138525.95333 122279.61533 133691.74633 120252.20833 69031.35933 62232.30733 54558.83333
210102 1781178 43668.344 92494.92 140081.028 130976.44 149876.768 134807 70612.208 63656.792 110093.5 47206.54836 93999.09876 139001.12756 122723.17156 134198.70656 120708.18056 69428.15956 62589.95156 55056.05556
210103 1787889 43792.29509 92796.71119 140550.84589 131430.94739 150409.95739 135286.57639 70920.28089 63934.49689 110853.38889 47339.72153 94273.93463 139419.81233 123110.30083 134637.95983 121103.27083 69742.95933 62873.70733 55411.83333
210104 1797684 43951.69156 93217.31106 141237.83856 132123.08506 151244.53906 136037.36806 71378.72656 64347.88456 111802.05556 47516.67396 94666.26666 140042.71456 123687.02306 135292.78706 121692.36806 70209.90256 63294.70856 55941.05556
210105 1808647 44149.4226 93731.4784 142086.302 132922.789 152164.758 136865.25 71863.198 64784.802 112766 47722.18371 95146.53451 140805.60311 124384.89111 136077.84311 122398.61111 70695.58911 63732.63311 56349.11111
210106 1808647 44149.4226 93731.4784 142086.302 132922.789 152164.758 136865.25 71863.198 64784.802 112766 47722.18371 95146.53451 140805.60311 124384.89111 136077.84311 122398.61111 70695.58911 63732.63311 56349.11111
