"Day" "Dcum" "f0-9" "f10-19" "f20-29" "f30-39" "f40-49" "f50-59" "f60-69" "f70-79" "f80+" "m0-9" "m10-19" "m20-29" "m30-39" "m40-49" "m50-59" "m60-69" "m70-79" "m80+"
200101 0 0 0 0 0 0 0 0 0 0 0 0 0 0 0 0 0 0 0
200102 0 0 0 0 0 0 0 0 0 0 0 0 0 0 0 0 0 0 0
200103 0 0 0 0 0 0 0 0 0 0 0 0 0 0 0 0 0 0 0
200104 0 0 0 0 0 0 0 0 0 0 0 0 0 0 0 0 0 0 0
200105 1 0 0 0 0 0 0 0 0 0 0 0 0 0 0 0 0 0 1
200106 2 0 0 0 0 0 0 0 0 0 0 0 0 0 0 0 0 0 2
200107 2 0 0 0 0 0 0 0 0 0 0 0 0 0 0 0 0 0 2
200108 2 0 0 0 0 0 0 0 0 0 0 0 0 0 0 0 0 0 2
200109 2 0 0 0 0 0 0 0 0 0 0 0 0 0 0 0 0 0 2
200110 2 0 0 0 0 0 0 0 0 0 0 0 0 0 0 0 0 0 2
200111 2 0 0 0 0 0 0 0 0 0 0 0 0 0 0 0 0 0 2
200112 2 0 0 0 0 0 0 0 0 0 0 0 0 0 0 0 0 0 2
200113 2 0 0 0 0 0 0 0 0 0 0 0 0 0 0 0 0 0 2
200114 2 0 0 0 0 0 0 0 0 0 0 0 0 0 0 0 0 0 2
200115 2 0 0 0 0 0 0 0 0 0 0 0 0 0 0 0 0 0 2
200116 2 0 0 0 0 0 0 0 0 0 0 0 0 0 0 0 0 0 2
200117 3 0 0 0 0 0 0 0.526 0.474 0 0 0 0 0 0 0 0 0 2
200118 3 0 0 0 0 0 0 0.526 0.474 0 0 0 0 0 0 0 0 0 2
200119 3 0 0 0 0 0 0 0.526 0.474 0 0 0 0 0 0 0 0 0 2
200120 3 0 0 0 0 0 0 0.526 0.474 0 0 0 0 0 0 0 0 0 2
200121 3 0 0 0 0 0 0 0.526 0.474 0 0 0 0 0 0 0 0 0 2
200122 3 0 0 0 0 0 0 0.526 0.474 0 0 0 0 0 0 0 0 0 2
200123 3 0 0 0 0 0 0 0.526 0.474 0 0 0 0 0 0 0 0 0 2
200124 4 0 0 0 0 0 0 1.052 0.948 0 0 0 0 0 0 0 0 0 2
200125 4 0 0 0 0 0 0 1.052 0.948 0 0 0 0 0 0 0 0 0 2
200126 4 0 0 0 0 0 0 1.052 0.948 0 0 0 0 0 0 0 0 0 2
200127 4 0 0 0 0 0 0 1.052 0.948 0 0 0 0 0 0 0 0 0 2
200128 4 0 0 0 0 0 0 1.052 0.948 0 0 0 0 0 0 0 0 0 2
200129 4 0 0 0 0 0 0 1.052 0.948 0 0 0 0 0 0 0 0 0 2
200130 4 0 0 0 0 0 0 1.052 0.948 0 0 0 0 0 0 0 0 0 2
200131 4 0 0 0 0 0 0 1.052 0.948 0 0 0 0 0 0 0 0 0 2
200201 4 0 0 0 0 0 0 1.052 0.948 0 0 0 0 0 0 0 0 0 2
200202 4 0 0 0 0 0 0 1.052 0.948 0 0 0 0 0 0 0 0 0 2
200203 5 0 0 0 0 0 0 1.052 0.948 0 0 0 0 0 0 0 0.526 0.474 2
200204 5 0 0 0 0 0 0 1.052 0.948 0 0 0 0 0 0 0 0.526 0.474 2
200205 5 0 0 0 0 0 0 1.052 0.948 0 0 0 0 0 0 0 0.526 0.474 2
200206 5 0 0 0 0 0 0 1.052 0.948 0 0 0 0 0 0 0 0.526 0.474 2
200207 5 0 0 0 0 0 0 1.052 0.948 0 0 0 0 0 0 0 0.526 0.474 2
200208 5 0 0 0 0 0 0 1.052 0.948 0 0 0 0 0 0 0 0.526 0.474 2
200209 5 0 0 0 0 0 0 1.052 0.948 0 0 0 0 0 0 0 0.526 0.474 2
200210 5 0 0 0 0 0 0 1.052 0.948 0 0 0 0 0 0 0 0.526 0.474 2
200211 5 0 0 0 0 0 0 1.052 0.948 0 0 0 0 0 0 0 0.526 0.474 2
200212 5 0 0 0 0 0 0 1.052 0.948 0 0 0 0 0 0 0 0.526 0.474 2
200213 5 0 0 0 0 0 0 1.052 0.948 0 0 0 0 0 0 0 0.526 0.474 2
200214 6 0 0 0 0 0 0 1.052 0.948 0 0 0 0 0 0 0 1.052 0.948 2
200215 6 0 0 0 0 0 0 1.052 0.948 0 0 0 0 0 0 0 1.052 0.948 2
200216 6 0 0 0 0 0 0 1.052 0.948 0 0 0 0 0 0 0 1.052 0.948 2
200217 6 0 0 0 0 0 0 1.052 0.948 0 0 0 0 0 0 0 1.052 0.948 2
200218 7 0 0 0 0 0 0 1.052 0.948 0 0 0 0 0 0 0 1.578 1.422 2
200219 8 0 0 0 0 0 0 1.052 0.948 0 0 0 0 0 0 0 2.104 1.896 2
200220 9 0 0 0 0 0 0 1.052 0.948 1 0 0 0 0 0 0 2.104 1.896 2
200221 9 0 0 0 0 0 0 1.052 0.948 1 0 0 0 0 0 0 2.104 1.896 2
200222 9 0 0 0 0 0 0 1.052 0.948 1 0 0 0 0 0 0 2.104 1.896 2
200223 10 0 0 0 0 0 0 1.052 0.948 1 0 0 0 0 0 0 2.104 1.896 3
200224 10 0 0 0 0 0 0 1.052 0.948 1 0 0 0 0 0 0 2.104 1.896 3
200225 12 0 0 0 0 0 0 1.052 0.948 1 0 0 0 0.208 0.417 0.375 2.104 1.896 4
200226 20 0 0 0 0 0 0 2.63 2.37 2 0 0 0 0.208 0.417 0.375 3.682 3.318 5
200227 22 0 0 0 0 0 0 2.63 2.37 2 0 0 0 0.208 0.417 0.375 3.682 3.318 7
200228 24 0 0 0 0 0 0 3.156 2.844 1 0 0 0 0.416 0.834 0.75 3.682 3.318 8
200229 26 0 0 0 0 0 0 3.156 2.844 2 0 0 0 0.416 0.834 0.75 4.208 3.792 8
200301 30 0 0 0 0 0 0 3.156 2.844 3 0 0 0 0.416 0.834 0.75 4.734 4.266 10
200302 39 0 0 0 0 0 0 3.156 2.844 5 0 0.263 0.526 0.627 0.834 0.75 6.312 5.688 13
200303 50 0 0 0 0 0 0 3.682 3.318 6 0 0.263 0.526 0.835 1.251 1.125 8.416 7.584 17
200304 60 0 0 0 0 0 0 4.208 3.792 7 0 0.263 0.526 1.043 1.668 1.5 9.994 9.006 21
200305 69 0 0 0 0 0 0 4.734 4.266 9 0 0.263 0.526 1.043 1.668 1.5 13.15 11.85 21
200306 89 0 0 0 0 0 0 4.734 4.266 14 0 0.263 0.526 1.251 2.085 1.875 18.936 17.064 24
200307 111 0 0 0 0 0 0 6.312 5.688 14 0 0.263 0.526 1.459 2.502 2.25 23.67 21.33 33
200308 135 0 0 0 0 0 0 7.89 7.11 20 0 0.263 0.526 1.459 2.502 2.25 27.352 24.648 41
200309 161 0 0 0 0.208 0.417 0.375 8.416 7.584 22 0 0.263 0.526 1.667 2.919 2.625 34.19 30.81 49
200310 195 0 0.263 0.526 0.835 1.251 1.125 10.52 9.48 30 0 0.263 0.526 2.083 3.753 3.375 37.872 34.128 59
200311 243 0 0.263 0.526 0.835 1.251 1.125 12.624 11.376 39 0 0.263 0.526 3.539 6.672 6 45.236 40.764 73
200312 301 0 0.263 0.526 1.251 2.085 1.875 14.202 12.798 45 0 0.263 0.526 4.579 8.757 7.875 56.282 50.718 94
200313 379 0 0.263 0.526 1.251 2.085 1.875 22.092 19.908 52 0 0.263 0.526 6.451 12.51 11.25 69.958 63.042 115
200314 440 0 0.263 0.526 1.251 2.085 1.875 24.196 21.804 65 0 0.263 0.526 7.491 14.595 13.125 81.53 73.47 132
200315 538 0 0.263 0.526 1.459 2.502 2.25 32.612 29.388 77 0 0.263 0.526 8.947 17.514 15.75 97.31 87.69 164
200316 676 0 0.263 0.526 2.291 4.17 3.75 37.346 33.654 96 0 0.263 0.526 11.443 22.518 20.25 126.24 113.76 203
200317 803 0 0.263 0.526 2.811 5.2125 4.6875 43.658 39.342 123 0 0.789 1.578 13.425 25.6455 23.0625 145.702 131.298 242
200318 947 0 0.263 0.526 2.811 5.2125 4.6875 51.285 46.215 159 0 0.789 1.578 15.713 30.2325 27.1875 167.005 150.495 284
200319 1075 0 0.526 1.052 3.438 6.0465 5.4375 57.597 51.903 190 0 0.789 1.578 16.545 31.9005 28.6875 192.253 173.247 314
200320 1267 0 0.526 1.052 4.062 7.2975 6.5625 63.909 57.591 233 0 0.789 1.578 19.249 37.3215 33.5625 223.813 201.687 375
200321 1410 0 0.526 1.052 4.686 8.5485 7.6875 71.273 64.227 259 0 0.789 1.578 20.705 40.2405 36.1875 248.535 223.965 421
200322 1533 0 0.789 1.578 5.521 9.7995 8.8125 77.059 69.441 292 0 0.789 1.578 21.745 42.3255 38.0625 266.945 240.555 456
200323 1788 0 0.789 1.578 6.977 12.7185 11.4375 91.261 82.239 351 0 0.789 1.578 24.033 46.9125 42.1875 306.395 276.105 532
200324 1997 0 0.789 1.578 7.393 13.5525 12.1875 103.359 93.141 388 0 0.789 1.578 26.321 51.4995 46.3125 339.533 305.967 605
200325 2250 0 0.789 1.578 8.225 15.2205 13.6875 118.087 106.413 452 0 0.789 1.578 28.609 56.0865 50.4375 368.463 332.037 696
200326 2481 0 0.789 1.578 10.513 19.8075 17.8125 128.607 115.893 507 0 0.789 1.578 30.065 59.0055 53.0625 403.179 363.321 768
200327 2737 0 0.789 1.578 11.137 21.0585 18.9375 142.283 128.217 595 0 0.789 1.578 31.729 62.3415 56.0625 434.213 391.287 840
200328 3001 0 0.789 1.578 11.969 22.7265 20.4375 159.115 143.385 684 0 0.789 1.578 33.809 66.5115 59.8125 462.617 416.883 915
200329 3174 0 0.789 1.578 11.969 22.7265 20.4375 170.161 153.339 748 0 0.789 1.578 34.225 67.3455 60.5625 484.183 436.317 960
200330 3479 0 0.789 1.578 13.217 25.2285 22.6875 182.785 164.715 866 0 1.578 3.156 36.314 70.2645 63.1875 515.743 464.757 1047
200331 3747 0 0.789 1.578 13.841 26.4795 23.8125 195.409 176.091 962 0 1.578 3.156 36.73 71.0985 63.9375 544.673 490.827 1135
200401 4055 1 0.789 1.578 14.465 27.7305 24.9375 211.189 190.311 1083 0 1.578 3.156 38.602 74.8515 67.3125 573.603 516.897 1224
200402 4388 1 0.789 1.578 15.297 29.3985 26.4375 226.443 204.057 1219 0 1.841 3.682 39.645 76.5195 68.8125 611.475 551.025 1311
200403 4735 1 0.789 1.578 15.921 30.6495 27.5625 245.905 221.595 1351 0 1.841 3.682 41.933 81.1065 72.9375 648.295 584.205 1405
200404 4966 1 0.789 1.578 16.337 31.4835 28.3125 256.951 231.549 1442 0 2.104 4.208 43.808 84.4425 75.9375 673.543 606.957 1465
200405 5166 1 0.789 1.578 16.753 32.3175 29.0625 269.575 242.925 1514 0 2.104 4.208 44.848 86.5275 77.8125 690.375 622.125 1530
200406 5456 1 0.789 1.578 16.961 32.7345 29.4375 280.621 252.879 1628 0 2.104 4.208 46.72 90.2805 81.1875 717.201 646.299 1624
200407 5717 1 0.789 1.578 17.585 33.9855 30.5625 293.245 264.255 1729 0 2.367 4.734 47.555 91.5315 82.3125 745.079 671.421 1700
200408 5995 1 0.789 1.578 18.625 36.0705 32.4375 307.973 277.527 1826 0 2.367 4.734 49.635 95.7015 86.0625 774.009 697.491 1783
200409 6246 1 0.789 1.578 19.041 36.9045 33.1875 318.23 286.77 1932.5 0 2.63 5.26 51.51 99.0375 89.0625 798.468 719.532 1850.5
200410 6447 1 0.789 1.578 19.249 37.3215 33.5625 329.276 296.724 2004.5 0 2.63 5.26 52.134 100.2885 90.1875 815.826 735.174 1921.5
200411 6615 1 0.789 1.578 19.457 37.7385 33.9375 339.27 305.73 2066.5 0 2.63 5.26 52.342 100.7055 90.5625 833.71 751.29 1972.5
200412 6768 1 0.789 1.578 19.457 37.7385 33.9375 346.634 312.366 2142.5 0 2.63 5.26 53.382 102.7905 92.4375 842.126 758.874 2014.5
200413 6896 1 0.789 1.578 19.457 37.7385 33.9375 355.05 319.95 2193.5 0 2.63 5.26 54.63 105.2925 94.6875 853.698 769.302 2047.5
200414 7056 1 0.789 1.578 19.665 38.1555 34.3125 361.888 326.112 2254.5 0 2.893 5.786 55.673 106.9605 96.1875 869.478 783.522 2097.5
200415 7218 1 0.789 1.578 19.665 38.1555 34.3125 369.778 333.222 2332.5 0 2.893 5.786 56.713 109.0455 98.0625 877.368 790.632 2146.5
200416 7344 1 0.789 1.578 19.665 38.1555 34.3125 374.512 337.488 2378.5 0 2.893 5.786 56.921 109.4625 98.4375 893.148 804.852 2186.5
200417 7473 1 1.052 2.104 20.292 38.9895 35.0625 380.298 342.702 2427.5 0 2.893 5.786 57.961 111.5475 100.3125 904.194 814.806 2226.5
200418 7567 1 1.052 2.104 20.292 38.9895 35.0625 384.506 346.494 2464.5 0 2.893 5.786 58.377 112.3815 101.0625 915.766 825.234 2251.5
200419 7670 1 1.315 2.63 20.919 39.8235 35.8125 389.766 351.234 2507.5 0 2.893 5.786 58.585 112.7985 101.4375 925.234 833.766 2279.5
200420 7793 1 1.315 2.63 21.751 41.4915 37.3125 395.026 355.974 2554.5 0 3.156 6.312 59.212 113.6325 102.1875 936.806 844.194 2316.5
200421 7894 1 1.315 2.63 21.959 41.9085 37.6875 403.968 364.032 2589.5 0 3.419 6.838 60.047 114.8835 103.3125 946.8 853.2 2341.5
200422 7991 1 1.315 2.63 22.167 42.3255 38.0625 407.124 366.876 2634.5 0 3.682 7.364 60.258 114.8835 103.3125 956.794 862.206 2366.5
200423 8091 1 1.315 2.63 22.375 42.7425 38.4375 411.858 371.142 2674.5 0 3.682 7.364 60.674 115.7175 104.0625 966.788 871.212 2395.5
200424 8160 1 1.315 2.63 22.375 42.7425 38.4375 417.118 375.882 2700.5 0 3.682 7.364 60.882 116.1345 104.4375 975.204 878.796 2411.5
200425 8218 1 1.315 2.63 22.375 42.7425 38.4375 420.274 378.726 2722.5 0 3.682 7.364 61.298 116.9685 105.1875 980.99 884.01 2428.5
200426 8251 1 1.315 2.63 22.583 43.1595 38.8125 423.43 381.57 2731.5 0 3.682 7.364 61.298 116.9685 105.1875 983.094 885.906 2441.5
200427 8317 1 1.315 2.63 22.999 43.9935 39.5625 429.216 386.784 2753.5 0 3.682 7.364 62.13 118.6365 106.6875 988.354 890.646 2458.5
200428 8383 1 1.315 2.63 23.207 44.4105 39.9375 432.898 390.102 2773.5 0 3.682 7.364 62.338 119.0535 107.0625 997.296 898.704 2478.5
200429 8440 1 1.315 2.63 23.623 45.2445 40.6875 436.054 392.946 2788.5 0 3.682 7.364 62.546 119.4705 107.4375 1003.082 903.918 2500.5
200430 8494 1 1.315 2.63 23.623 45.2445 40.6875 439.21 395.79 2803.5 0 3.682 7.364 62.546 119.4705 107.4375 1010.972 911.028 2518.5
200501 8531 1 1.315 2.63 23.623 45.2445 40.6875 440.262 396.738 2816.5 0 3.682 7.364 62.962 120.3045 108.1875 1013.602 913.398 2533.5
200502 8553 1 1.315 2.63 23.623 45.2445 40.6875 441.314 397.686 2827.5 0 3.682 7.364 62.962 120.3045 108.1875 1016.232 915.768 2537.5
200503 8577 1 1.315 2.63 23.831 45.6615 41.0625 443.418 399.582 2831.5 0 3.682 7.364 62.962 120.3045 108.1875 1018.862 918.138 2547.5
200504 8620 1 1.315 2.63 24.039 46.0785 41.4375 444.996 401.004 2848.5 0 3.682 7.364 63.17 120.7215 108.5625 1023.07 921.93 2560.5
200505 8657 1 1.315 2.63 24.039 46.0785 41.4375 449.204 404.796 2862.5 0 3.682 7.364 63.586 121.5555 109.3125 1026.226 924.774 2567.5
200506 8684 1 1.315 2.63 24.039 46.0785 41.4375 450.256 405.744 2873.5 0 3.682 7.364 64.21 122.8065 110.4375 1028.856 927.144 2573.5
200507 8719 1 1.315 2.63 24.039 46.0785 41.4375 452.886 408.114 2886.5 0 3.682 7.364 64.21 122.8065 110.4375 1033.064 930.936 2582.5
200508 8753 1 1.315 2.63 24.039 46.0785 41.4375 455.516 410.484 2896.5 0 3.682 7.364 64.418 123.2235 110.8125 1037.272 934.728 2592.5
200509 8760 1 1.315 2.63 24.039 46.0785 41.4375 455.516 410.484 2900.5 0 3.682 7.364 64.418 123.2235 110.8125 1038.324 935.676 2593.5
200510 8785 1 1.315 2.63 24.039 46.0785 41.4375 456.042 410.958 2911.5 0 3.682 7.364 64.418 123.2235 110.8125 1040.954 938.046 2601.5
200511 8805 1 1.315 2.63 24.039 46.0785 41.4375 456.042 410.958 2917.5 0 3.682 7.364 64.418 123.2235 110.8125 1043.584 940.416 2610.5
200512 8821 1 1.315 2.63 24.039 46.0785 41.4375 457.094 411.906 2924.5 0 3.682 7.364 64.626 123.6405 111.1875 1044.636 941.364 2614.5
200513 8847 1 1.315 2.63 24.039 46.0785 41.4375 458.672 413.328 2934.5 0 3.682 7.364 64.626 123.6405 111.1875 1046.214 942.786 2624.5
200514 8862 1 1.315 2.63 24.039 46.0785 41.4375 459.724 414.276 2942.5 0 3.682 7.364 64.626 123.6405 111.1875 1046.214 942.786 2629.5
200515 8892 1 1.315 2.63 24.455 46.9125 42.1875 461.302 415.698 2947.5 0 3.682 7.364 64.834 124.0575 111.5625 1049.37 945.63 2642.5
200516 8915 1 1.315 2.63 24.455 46.9125 42.1875 461.828 416.172 2960.5 0 3.682 7.364 65.042 124.4745 111.9375 1050.948 947.052 2647.5
200517 8928 1 1.315 2.63 24.663 47.3295 42.5625 462.354 416.646 2963.5 0 3.682 7.364 65.042 124.4745 111.9375 1054.104 949.896 2649.5
200518 8940 1 1.315 2.63 24.871 47.7465 42.9375 464.458 418.542 2965.5 0 3.682 7.364 65.042 124.4745 111.9375 1054.63 950.37 2653.5
200519 8952 1 1.315 2.63 24.871 47.7465 42.9375 464.458 418.542 2970.5 0 3.682 7.364 65.458 125.3085 112.6875 1054.63 950.37 2658.5
200520 8982 1 1.315 2.63 24.871 47.7465 42.9375 464.984 419.016 2983.5 0 3.682 7.364 66.082 126.5595 113.8125 1057.26 952.74 2666.5
200521 8988 1 1.315 2.63 24.871 47.7465 42.9375 465.51 419.49 2985.5 0 3.682 7.364 66.082 126.5595 113.8125 1057.786 953.214 2668.5
200522 9000 1 1.315 2.63 24.871 47.7465 42.9375 466.562 420.438 2988.5 0 3.682 7.364 66.29 126.9765 114.1875 1058.838 954.162 2672.5
200523 9010 1 1.315 2.63 24.871 47.7465 42.9375 467.088 420.912 2991.5 0 3.682 7.364 66.29 126.9765 114.1875 1060.416 955.584 2675.5
200524 9017 1 1.315 2.63 24.871 47.7465 42.9375 467.088 420.912 2994.5 0 3.682 7.364 66.29 126.9765 114.1875 1061.468 956.532 2677.5
200525 9026 1 1.315 2.63 24.871 47.7465 42.9375 467.614 421.386 3000.5 0 3.682 7.364 66.29 126.9765 114.1875 1061.468 956.532 2679.5
200526 9039 1 1.315 2.63 25.287 48.5805 43.6875 467.614 421.386 3005.5 0 3.682 7.364 66.29 126.9765 114.1875 1063.572 958.428 2681.5
200527 9051 1 1.315 2.63 25.287 48.5805 43.6875 468.666 422.334 3008.5 0 3.682 7.364 66.29 126.9765 114.1875 1066.202 960.798 2683.5
200528 9061 1 1.315 2.63 25.287 48.5805 43.6875 469.718 423.282 3012.5 0 3.682 7.364 66.498 127.3935 114.5625 1067.254 961.746 2684.5
200529 9066 1 1.315 2.63 25.495 48.9975 44.0625 469.718 423.282 3013.5 0 3.682 7.364 66.498 127.3935 114.5625 1067.78 962.22 2686.5
200530 9070 1 1.315 2.63 25.495 48.9975 44.0625 469.718 423.282 3017.5 0 3.682 7.364 66.498 127.3935 114.5625 1067.78 962.22 2686.5
200531 9076 1 1.315 2.63 25.495 48.9975 44.0625 469.718 423.282 3017.5 0 3.682 7.364 66.706 127.8105 114.9375 1068.306 962.694 2690.5
200601 9083 1 1.315 2.63 25.495 48.9975 44.0625 470.244 423.756 3019.5 0 3.682 7.364 66.706 127.8105 114.9375 1069.358 963.642 2692.5
200602 9090 1 1.315 2.63 25.495 48.9975 44.0625 471.296 424.704 3021.5 0 3.682 7.364 66.706 127.8105 114.9375 1070.41 964.59 2693.5
200603 9096 1 1.315 2.63 25.495 48.9975 44.0625 471.822 425.178 3023.5 0 3.682 7.364 66.706 127.8105 114.9375 1070.936 965.064 2695.5
200604 9100 1 1.315 2.63 25.495 48.9975 44.0625 472.348 425.652 3025.5 0 3.682 7.364 66.706 127.8105 114.9375 1071.462 965.538 2695.5
200605 9106 1 1.315 2.63 25.495 48.9975 44.0625 473.4 426.6 3026.5 0 3.682 7.364 66.706 127.8105 114.9375 1072.514 966.486 2696.5
200606 9112 1 1.315 2.63 25.911 49.8315 44.8125 473.926 427.074 3027.5 0 3.682 7.364 66.914 128.2275 115.3125 1073.04 966.96 2696.5
200607 9117 1 1.315 2.63 25.911 49.8315 44.8125 473.926 427.074 3030.5 0 3.682 7.364 66.914 128.2275 115.3125 1074.092 967.908 2696.5
200608 9120 1 1.315 2.63 25.911 49.8315 44.8125 473.926 427.074 3031.5 0 3.682 7.364 67.33 129.0615 116.0625 1074.092 967.908 2696.5
200609 9124 1 1.315 2.63 25.911 49.8315 44.8125 473.926 427.074 3033.5 0 3.682 7.364 67.33 129.0615 116.0625 1074.618 968.382 2697.5
200610 9130 1 1.315 2.63 25.911 49.8315 44.8125 474.978 428.022 3034.5 0 3.682 7.364 67.33 129.0615 116.0625 1076.196 969.804 2697.5
200611 9132 1 1.315 2.63 25.911 49.8315 44.8125 474.978 428.022 3034.5 0 3.682 7.364 67.538 129.4785 116.4375 1076.722 970.278 2697.5
200612 9145 1 1.315 2.63 26.119 50.2485 45.1875 474.978 428.022 3043.5 0 3.682 7.364 67.746 129.8955 116.8125 1077.248 970.752 2698.5
200613 9148 1 1.315 2.63 26.119 50.2485 45.1875 474.978 428.022 3045.5 0 3.682 7.364 67.746 129.8955 116.8125 1077.774 971.226 2698.5
200614 9151 1 1.315 2.63 26.119 50.2485 45.1875 474.978 428.022 3046.5 0 3.682 7.364 67.746 129.8955 116.8125 1078.3 971.7 2699.5
200615 9155 1 1.315 2.63 26.327 50.6655 45.5625 475.504 428.496 3047.5 0 3.682 7.364 67.746 129.8955 116.8125 1078.3 971.7 2700.5
200616 9162 1 1.315 2.63 26.327 50.6655 45.5625 475.504 428.496 3048.5 0 3.945 7.89 68.165 130.3125 117.1875 1078.826 972.174 2703.5
200617 9167 1 1.315 2.63 26.327 50.6655 45.5625 475.504 428.496 3051.5 0 3.945 7.89 68.373 130.7295 117.5625 1079.352 972.648 2703.5
200618 9168 1 1.315 2.63 26.327 50.6655 45.5625 475.504 428.496 3051.5 0 3.945 7.89 68.373 130.7295 117.5625 1079.352 972.648 2704.5
200619 9172 1 1.315 2.63 26.327 50.6655 45.5625 476.556 429.444 3052.5 0 3.945 7.89 68.373 130.7295 117.5625 1079.352 972.648 2705.5
200620 9179 1 1.315 2.63 26.327 50.6655 45.5625 477.082 429.918 3056.5 0 3.945 7.89 68.373 130.7295 117.5625 1080.404 973.596 2705.5
200621 9183 1 1.315 2.63 26.327 50.6655 45.5625 477.608 430.392 3057.5 0 3.945 7.89 68.789 131.5635 118.3125 1080.404 973.596 2705.5
200622 9186 1 1.315 2.63 26.327 50.6655 45.5625 478.134 430.866 3057.5 0 3.945 7.89 68.789 131.5635 118.3125 1081.456 974.544 2705.5
200623 9193 1 1.315 2.63 26.327 50.6655 45.5625 478.134 430.866 3059.5 0 3.945 7.89 68.997 131.9805 118.6875 1082.508 975.492 2707.5
200624 9195 1 1.315 2.63 26.327 50.6655 45.5625 478.134 430.866 3060.5 0 3.945 7.89 68.997 131.9805 118.6875 1083.034 975.966 2707.5
200625 9201 1 1.315 2.63 26.535 51.0825 45.9375 478.134 430.866 3061.5 0 3.945 7.89 68.997 131.9805 118.6875 1084.612 977.388 2708.5
200626 9206 1 1.315 2.63 26.535 51.0825 45.9375 479.712 432.288 3061.5 0 3.945 7.89 68.997 131.9805 118.6875 1085.138 977.862 2709.5
200627 9207 1 1.315 2.63 26.535 51.0825 45.9375 479.712 432.288 3062.5 0 3.945 7.89 68.997 131.9805 118.6875 1085.138 977.862 2709.5
200628 9207 1 1.315 2.63 26.535 51.0825 45.9375 479.712 432.288 3062.5 0 3.945 7.89 68.997 131.9805 118.6875 1085.138 977.862 2709.5
200629 9211 1 1.315 2.63 26.535 51.0825 45.9375 480.764 433.236 3062.5 0 3.945 7.89 69.205 132.3975 119.0625 1085.664 978.336 2709.5
200630 9213 1 1.315 2.63 26.535 51.0825 45.9375 480.764 433.236 3063.5 0 3.945 7.89 69.205 132.3975 119.0625 1085.664 978.336 2710.5
200701 9221 1 1.315 2.63 26.743 51.4995 46.3125 481.29 433.71 3064.5 0 4.208 8.416 69.832 133.2315 119.8125 1086.19 978.81 2711.5
200702 9226 1 1.315 2.63 26.743 51.4995 46.3125 481.29 433.71 3067.5 0 4.208 8.416 69.832 133.2315 119.8125 1086.716 979.284 2712.5
200703 9230 1 1.315 2.63 26.743 51.4995 46.3125 481.816 434.184 3068.5 0 4.208 8.416 69.832 133.2315 119.8125 1087.768 980.232 2712.5
200704 9231 1 1.315 2.63 26.743 51.4995 46.3125 481.816 434.184 3069.5 0 4.208 8.416 69.832 133.2315 119.8125 1087.768 980.232 2712.5
200705 9235 1 1.315 2.63 26.743 51.4995 46.3125 482.868 435.132 3070.5 0 4.208 8.416 69.832 133.2315 119.8125 1087.768 980.232 2713.5
200706 9238 1 1.315 2.63 26.743 51.4995 46.3125 483.394 435.606 3071.5 0 4.471 8.942 70.043 133.2315 119.8125 1087.768 980.232 2713.5
200707 9244 1 1.315 2.63 26.743 51.4995 46.3125 483.92 436.08 3074.5 0 4.471 8.942 70.043 133.2315 119.8125 1088.294 980.706 2714.5
200708 9247 1 1.315 2.63 26.743 51.4995 46.3125 483.92 436.08 3074.5 0 4.471 8.942 70.251 133.6485 120.1875 1088.82 981.18 2715.5
200709 9251 1 1.315 2.63 26.743 51.4995 46.3125 484.446 436.554 3075.5 0 4.471 8.942 70.251 133.6485 120.1875 1089.346 981.654 2716.5
200710 9255 1 1.315 2.63 26.743 51.4995 46.3125 484.446 436.554 3076.5 0 4.471 8.942 70.251 133.6485 120.1875 1089.872 982.128 2718.5
200711 9257 1 1.315 2.63 26.743 51.4995 46.3125 484.446 436.554 3076.5 0 4.471 8.942 70.251 133.6485 120.1875 1090.924 983.076 2718.5
200712 9257 1 1.315 2.63 26.743 51.4995 46.3125 484.446 436.554 3076.5 0 4.471 8.942 70.251 133.6485 120.1875 1090.924 983.076 2718.5
200713 9261 1 1.315 2.63 26.743 51.4995 46.3125 484.972 437.028 3077.5 0 4.471 8.942 70.251 133.6485 120.1875 1091.45 983.55 2719.5
200714 9266 1 1.315 2.63 26.743 51.4995 46.3125 484.972 437.028 3078.5 0 4.471 8.942 70.459 134.0655 120.5625 1093.028 984.972 2719.5
200715 9271 1 1.315 2.63 26.743 51.4995 46.3125 485.498 437.502 3078.5 0 4.471 8.942 70.459 134.0655 120.5625 1093.554 985.446 2722.5
200716 9278 1 1.315 2.63 26.743 51.4995 46.3125 486.024 437.976 3079.5 0 4.471 8.942 70.667 134.4825 120.9375 1094.606 986.394 2724.5
200717 9282 1 1.315 2.63 26.743 51.4995 46.3125 486.024 437.976 3080.5 0 4.471 8.942 70.667 134.4825 120.9375 1095.132 986.868 2726.5
200718 9284 1 1.315 2.63 26.743 51.4995 46.3125 486.024 437.976 3081.5 0 4.471 8.942 70.667 134.4825 120.9375 1095.132 986.868 2727.5
200719 9292 1 1.315 2.63 26.743 51.4995 46.3125 486.55 438.45 3084.5 0 4.471 8.942 70.667 134.4825 120.9375 1097.236 988.764 2727.5
200720 9300 1 1.315 2.63 26.951 51.9165 46.6875 486.55 438.45 3088.5 0 4.471 8.942 70.667 134.4825 120.9375 1097.762 989.238 2729.5
200721 9304 1 1.315 2.63 26.951 51.9165 46.6875 486.55 438.45 3089.5 0 4.471 8.942 70.875 134.8995 121.3125 1098.288 989.712 2730.5
200722 9310 1 1.315 2.63 27.159 52.3335 47.0625 486.55 438.45 3090.5 0 4.471 8.942 70.875 134.8995 121.3125 1099.34 990.66 2732.5
200723 9313 1 1.315 2.63 27.159 52.3335 47.0625 486.55 438.45 3090.5 0 4.471 8.942 70.875 134.8995 121.3125 1100.918 992.082 2732.5
200724 9315 1 1.315 2.63 27.159 52.3335 47.0625 486.55 438.45 3090.5 0 4.471 8.942 71.083 135.3165 121.6875 1100.918 992.082 2733.5
200725 9318 1 1.315 2.63 27.159 52.3335 47.0625 486.55 438.45 3091.5 0 4.471 8.942 71.083 135.3165 121.6875 1101.444 992.556 2734.5
200726 9322 1 1.315 2.63 27.159 52.3335 47.0625 486.55 438.45 3091.5 0 4.471 8.942 71.083 135.3165 121.6875 1102.496 993.504 2736.5
200727 9329 1 1.315 2.63 27.159 52.3335 47.0625 486.55 438.45 3094.5 0 4.471 8.942 71.499 136.1505 122.4375 1102.496 993.504 2738.5
200728 9331 1 1.315 2.63 27.159 52.3335 47.0625 486.55 438.45 3094.5 0 4.471 8.942 71.499 136.1505 122.4375 1103.022 993.978 2739.5
200729 9336 1 1.315 2.63 27.159 52.3335 47.0625 486.55 438.45 3097.5 0 4.471 8.942 71.707 136.5675 122.8125 1103.548 994.452 2739.5
200730 9341 1 1.315 2.63 27.159 52.3335 47.0625 486.55 438.45 3098.5 0 4.471 8.942 71.707 136.5675 122.8125 1104.6 995.4 2741.5
200731 9354 1 1.315 2.63 27.159 52.3335 47.0625 487.602 439.398 3101.5 0 4.471 8.942 71.915 136.9845 123.1875 1106.178 996.822 2745.5
200801 9355 1 1.315 2.63 27.159 52.3335 47.0625 487.602 439.398 3101.5 0 4.471 8.942 71.915 136.9845 123.1875 1106.704 997.296 2745.5
200802 9358 1 1.315 2.63 27.159 52.3335 47.0625 487.602 439.398 3102.5 0 4.471 8.942 71.915 136.9845 123.1875 1106.704 997.296 2747.5
200803 9362 1 1.315 2.63 27.159 52.3335 47.0625 488.654 440.346 3102.5 0 4.471 8.942 71.915 136.9845 123.1875 1106.704 997.296 2749.5
200804 9366 1 1.315 2.63 27.367 52.7505 47.4375 488.654 440.346 3102.5 0 4.471 8.942 71.915 136.9845 123.1875 1107.756 998.244 2750.5
200805 9366 1 1.315 2.63 27.367 52.7505 47.4375 488.654 440.346 3102.5 0 4.471 8.942 71.915 136.9845 123.1875 1107.756 998.244 2750.5
200806 9370 1 1.315 2.63 27.367 52.7505 47.4375 488.654 440.346 3104.5 0 4.471 8.942 71.915 136.9845 123.1875 1107.756 998.244 2752.5
200807 9375 1 1.315 2.63 27.367 52.7505 47.4375 488.654 440.346 3107.5 0 4.471 8.942 72.123 137.4015 123.5625 1107.756 998.244 2753.5
200808 9378 1 1.315 2.63 27.367 52.7505 47.4375 489.18 440.82 3108.5 0 4.471 8.942 72.123 137.4015 123.5625 1107.756 998.244 2754.5
200809 9381 1 1.315 2.63 27.367 52.7505 47.4375 489.18 440.82 3110.5 0 4.471 8.942 72.123 137.4015 123.5625 1108.282 998.718 2754.5
200810 9389 1 1.315 2.63 27.367 52.7505 47.4375 489.18 440.82 3112.5 0 4.471 8.942 72.331 137.8185 123.9375 1109.334 999.666 2757.5
200811 9393 1 1.315 2.63 27.367 52.7505 47.4375 489.18 440.82 3114.5 0 4.471 8.942 72.331 137.8185 123.9375 1109.334 999.666 2759.5
200812 9401 1 1.315 2.63 27.367 52.7505 47.4375 489.706 441.294 3118.5 0 4.471 8.942 72.331 137.8185 123.9375 1109.334 999.666 2762.5
200813 9406 1 1.315 2.63 27.575 53.1675 47.8125 489.706 441.294 3119.5 0 4.471 8.942 72.331 137.8185 123.9375 1110.386 1000.614 2763.5
200814 9412 1 1.315 2.63 27.575 53.1675 47.8125 490.758 442.242 3119.5 0 4.471 8.942 72.331 137.8185 123.9375 1111.438 1001.562 2765.5
200815 9416 1 1.315 2.63 27.575 53.1675 47.8125 490.758 442.242 3121.5 0 4.471 8.942 72.539 138.2355 124.3125 1111.438 1001.562 2766.5
200816 9417 1 1.315 2.63 27.575 53.1675 47.8125 490.758 442.242 3121.5 0 4.471 8.942 72.747 138.6525 124.6875 1111.438 1001.562 2766.5
200817 9423 1 1.315 2.63 27.783 53.5845 48.1875 491.284 442.716 3122.5 0 4.471 8.942 72.747 138.6525 124.6875 1112.49 1002.51 2767.5
200818 9428 1 1.315 2.63 27.783 53.5845 48.1875 491.284 442.716 3125.5 0 4.471 8.942 72.747 138.6525 124.6875 1113.016 1002.984 2768.5
200819 9433 1 1.315 2.63 27.783 53.5845 48.1875 491.81 443.19 3126.5 0 4.471 8.942 72.747 138.6525 124.6875 1114.594 1004.406 2768.5
200820 9436 1 1.315 2.63 27.783 53.5845 48.1875 491.81 443.19 3126.5 0 4.471 8.942 72.747 138.6525 124.6875 1115.646 1005.354 2769.5
200821 9437 1 1.578 3.156 27.994 53.5845 48.1875 491.81 443.19 3126.5 0 4.471 8.942 72.747 138.6525 124.6875 1115.646 1005.354 2769.5
200822 9438 1 1.578 3.156 27.994 53.5845 48.1875 492.336 443.664 3126.5 0 4.471 8.942 72.747 138.6525 124.6875 1115.646 1005.354 2769.5
200823 9440 1 1.578 3.156 27.994 53.5845 48.1875 492.336 443.664 3126.5 0 4.471 8.942 73.163 139.4865 125.4375 1115.646 1005.354 2769.5
200824 9443 1 1.578 3.156 27.994 53.5845 48.1875 493.388 444.612 3126.5 0 4.471 8.942 73.163 139.4865 125.4375 1115.646 1005.354 2770.5
200825 9447 1 1.578 3.156 27.994 53.5845 48.1875 493.388 444.612 3126.5 0 4.471 8.942 73.371 139.9035 125.8125 1116.698 1006.302 2771.5
200826 9450 1 1.578 3.156 27.994 53.5845 48.1875 493.914 445.086 3126.5 0 4.471 8.942 73.579 140.3205 126.1875 1117.224 1006.776 2771.5
200827 9454 1 1.578 3.156 27.994 53.5845 48.1875 493.914 445.086 3129.5 0 4.471 8.942 73.579 140.3205 126.1875 1117.75 1007.25 2771.5
200828 9462 1 1.578 3.156 27.994 53.5845 48.1875 495.492 446.508 3131.5 0 4.471 8.942 73.579 140.3205 126.1875 1118.802 1008.198 2772.5
200829 9466 1 1.578 3.156 27.994 53.5845 48.1875 495.492 446.508 3133.5 0 4.471 8.942 73.579 140.3205 126.1875 1119.328 1008.672 2773.5
200830 9467 1 1.578 3.156 27.994 53.5845 48.1875 495.492 446.508 3133.5 0 4.471 8.942 73.579 140.3205 126.1875 1119.328 1008.672 2774.5
200831 9471 1 1.578 3.156 27.994 53.5845 48.1875 496.018 446.982 3133.5 0 4.471 8.942 73.579 140.3205 126.1875 1119.854 1009.146 2776.5
200901 9476 1 1.578 3.156 27.994 53.5845 48.1875 496.544 447.456 3133.5 0 4.471 8.942 73.995 141.1545 126.9375 1120.906 1010.094 2776.5
200902 9484 1 1.578 3.156 27.994 53.5845 48.1875 496.544 447.456 3137.5 0 4.471 8.942 73.995 141.1545 126.9375 1122.484 1011.516 2777.5
200903 9489 1 1.578 3.156 27.994 53.5845 48.1875 496.544 447.456 3138.5 0 4.471 8.942 73.995 141.1545 126.9375 1123.536 1012.464 2779.5
200904 9498 1 1.578 3.156 27.994 53.5845 48.1875 497.07 447.93 3141.5 0 4.471 8.942 74.619 142.4055 128.0625 1124.062 1012.938 2780.5
200905 9505 1 1.578 3.156 28.202 54.0015 48.5625 497.07 447.93 3143.5 0 4.471 8.942 74.619 142.4055 128.0625 1124.062 1012.938 2784.5
200906 9510 1 1.578 3.156 28.202 54.0015 48.5625 497.07 447.93 3147.5 0 4.471 8.942 74.619 142.4055 128.0625 1124.588 1013.412 2784.5
200907 9518 1 1.578 3.156 28.202 54.0015 48.5625 497.596 448.404 3148.5 0 4.471 8.942 74.827 142.8225 128.4375 1126.166 1014.834 2786.5
200908 9530 1 1.578 3.156 28.202 54.0015 48.5625 497.596 448.404 3152.5 0 4.471 8.942 75.451 144.0735 129.5625 1127.218 1015.782 2789.5
200909 9538 1 1.578 3.156 28.202 54.0015 48.5625 499.174 449.826 3153.5 0 4.471 8.942 75.451 144.0735 129.5625 1128.796 1017.204 2790.5
200910 9543 1 1.578 3.156 28.41 54.4185 48.9375 499.174 449.826 3154.5 0 4.471 8.942 75.451 144.0735 129.5625 1129.322 1017.678 2792.5
200911 9553 1 1.578 3.156 28.41 54.4185 48.9375 500.752 451.248 3155.5 0 4.471 8.942 75.659 144.4905 129.9375 1130.374 1018.626 2795.5
200912 9563 1 1.578 3.156 28.41 54.4185 48.9375 500.752 451.248 3160.5 0 4.471 8.942 75.867 144.9075 130.3125 1130.9 1019.1 2798.5
200913 9569 1 1.578 3.156 28.41 54.4185 48.9375 500.752 451.248 3162.5 0 4.471 8.942 75.867 144.9075 130.3125 1131.952 1020.048 2800.5
200914 9578 1 1.578 3.156 28.41 54.4185 48.9375 501.278 451.722 3165.5 0 4.471 8.942 75.867 144.9075 130.3125 1133.004 1020.996 2803.5
200915 9592 1 1.578 3.156 28.41 54.4185 48.9375 502.33 452.67 3166.5 0 4.471 8.942 75.867 144.9075 130.3125 1135.108 1022.892 2810.5
200916 9605 1 1.578 3.156 28.41 54.4185 48.9375 502.856 453.144 3168.5 0 4.471 8.942 75.867 144.9075 130.3125 1138.79 1026.21 2813.5
200917 9619 1 1.578 3.156 28.618 54.8355 49.3125 503.382 453.618 3172.5 0 4.471 8.942 75.867 144.9075 130.3125 1140.368 1027.632 2818.5
200918 9634 1 1.578 3.156 28.826 55.2525 49.6875 504.96 455.04 3174.5 0 4.471 8.942 75.867 144.9075 130.3125 1143.524 1030.476 2821.5
200919 9650 1 1.578 3.156 28.826 55.2525 49.6875 504.96 455.04 3179.5 0 4.471 8.942 76.075 145.3245 130.6875 1146.68 1033.32 2825.5
200920 9666 1 1.578 3.156 28.826 55.2525 49.6875 505.749 455.751 3181.5 0 4.471 8.942 76.283 145.7415 131.0625 1149.573 1035.927 2831.5
200921 9677 1 1.578 3.156 28.826 55.2525 49.6875 506.275 456.225 3186.5 0 4.471 8.942 76.283 145.7415 131.0625 1150.099 1036.401 2835.5
200922 9697 1 1.578 3.156 28.826 55.2525 49.6875 506.801 456.699 3190.5 0 4.734 9.468 76.91 146.5755 131.8125 1151.677 1037.823 2844.5
200923 9706 1 1.578 3.156 28.826 55.2525 49.6875 507.853 457.647 3195.5 0 4.734 9.468 76.91 146.5755 131.8125 1151.677 1037.823 2846.5
200924 9725 1 1.578 3.156 28.826 55.2525 49.6875 508.905 458.595 3199.5 0 4.734 9.468 76.91 146.5755 131.8125 1155.885 1041.615 2851.5
200925 9749 1 1.578 3.156 28.826 55.2525 49.6875 509.694 459.306 3209.5 0 4.734 9.468 76.91 146.5755 131.8125 1159.304 1044.696 2857.5
200926 9769 1 1.578 3.156 28.826 55.2525 49.6875 510.746 460.254 3213.5 0 4.734 9.468 77.118 146.9925 132.1875 1164.564 1049.436 2860.5
200927 9780 1 1.578 3.156 28.826 55.2525 49.6875 511.272 460.728 3216.5 0 4.734 9.468 77.118 146.9925 132.1875 1166.142 1050.858 2864.5
200928 9798 1 1.578 3.156 28.826 55.2525 49.6875 512.85 462.15 3220.5 0 4.734 9.468 77.118 146.9925 132.1875 1168.246 1052.754 2871.5
200929 9812 1 1.578 3.156 28.826 55.2525 49.6875 513.376 462.624 3223.5 0 4.997 9.994 77.537 147.4095 132.5625 1169.824 1054.176 2876.5
200930 9831 1 1.578 3.156 28.826 55.2525 49.6875 514.954 464.046 3228.5 0 4.997 9.994 77.745 147.8265 132.9375 1170.35 1054.65 2885.5
201001 9855 1 1.578 3.156 29.242 56.0865 50.4375 517.058 465.942 3230.5 0 4.997 9.994 77.953 148.2435 133.3125 1174.032 1057.968 2893.5
201002 9886 1 1.578 3.156 29.658 56.9205 51.1875 519.688 468.312 3234.5 0 4.997 9.994 78.369 149.0775 134.0625 1177.188 1060.812 2905.5
201003 9903 1 1.578 3.156 29.866 57.3375 51.5625 521.266 469.734 3236.5 0 4.997 9.994 78.369 149.0775 134.0625 1178.766 1062.234 2913.5
201004 9921 1 1.578 3.156 29.866 57.3375 51.5625 522.318 470.682 3245.5 0 4.997 9.994 78.369 149.0775 134.0625 1179.292 1062.708 2919.5
201005 9966 1 1.578 3.156 29.866 57.3375 51.5625 523.896 472.104 3259.5 0 4.997 9.994 78.577 149.4945 134.4375 1184.552 1067.448 2936.5
201006 9988 1 1.578 3.156 29.866 57.3375 51.5625 524.422 472.578 3268.5 0 4.997 9.994 78.577 149.4945 134.4375 1189.286 1071.714 2939.5
201007 10024 1 1.578 3.156 30.074 57.7545 51.9375 526 474 3280.5 0 4.997 9.994 79.409 151.1625 135.9375 1192.442 1074.558 2949.5
201008 10069 1 1.578 3.156 30.074 57.7545 51.9375 529.682 477.318 3297.5 0 5.26 10.52 79.828 151.5795 136.3125 1195.598 1077.402 2962.5
201009 10129 1 1.578 3.156 30.074 57.7545 51.9375 533.364 480.636 3318.5 0 5.26 10.52 80.244 152.4135 137.0625 1201.384 1082.616 2981.5
201010 10173 1 1.578 3.156 30.074 57.7545 51.9375 533.89 481.11 3330.5 0 5.26 10.52 81.284 154.4985 138.9375 1207.17 1087.83 2996.5
201011 10206 1 1.578 3.156 30.074 57.7545 51.9375 535.994 483.006 3338.5 0 5.26 10.52 81.7 155.3325 139.6875 1211.378 1091.622 3007.5
201012 10259 1 1.578 3.156 30.074 57.7545 51.9375 538.624 485.376 3353.5 0.5556 5.7044 10.52 82.116 156.1665 140.4375 1216.638 1096.362 3027.5
201013 10323 1 1.578 3.156 30.074 57.7545 51.9375 541.78 488.22 3374.5 0.5556 5.7044 10.52 82.74 157.4175 141.5625 1223.476 1102.524 3048.5
201014 10385 1 1.578 3.156 30.49 58.5885 52.6875 544.936 491.064 3394.5 0.5556 5.7044 10.52 83.156 158.2515 142.3125 1231.366 1109.634 3065.5
201015 10472 1 1.578 3.156 30.906 59.4225 53.4375 548.092 493.908 3429.5 0.5556 5.7044 10.52 83.572 159.0855 143.0625 1238.204 1115.796 3094.5
201016 10564 1 1.578 3.156 31.114 59.8395 53.8125 551.774 497.226 3461.5 0.5556 5.7044 10.52 83.78 159.5025 143.4375 1246.094 1122.906 3130.5
201017 10637 1 1.578 3.156 31.322 60.2565 54.1875 555.456 500.544 3482.5 0.5556 5.7044 10.52 84.612 161.1705 144.9375 1255.562 1131.438 3152.5
201018 10713 1 1.578 3.156 31.53 60.6735 54.5625 558.086 502.914 3508.5 0.5556 5.7044 10.52 85.444 162.8385 146.4375 1263.978 1139.022 3176.5
201019 10816 1 1.578 3.156 31.738 61.0905 54.9375 563.872 508.128 3538.5 0.5556 5.7044 10.52 85.86 163.6725 147.1875 1275.024 1148.976 3214.5
201020 10953 1 1.578 3.156 32.57 62.7585 56.4375 571.762 515.238 3582.5 0.5556 5.7044 10.52 86.692 165.3405 148.6875 1292.382 1164.618 3251.5
201021 11098 1 1.578 3.156 32.778 63.1755 56.8125 578.6 521.4 3632.5 0.5556 5.7044 10.52 87.732 167.4255 150.5625 1310.792 1181.208 3292.5
201022 11314 1 1.578 3.156 33.402 64.4265 57.9375 591.75 533.25 3705.5 0.5556 5.7044 10.52 88.98 169.9275 152.8125 1334.462 1202.538 3356.5
201023 11507 1 1.578 3.156 33.402 64.4265 57.9375 601.744 542.256 3774.5 0.5556 5.9674 11.046 90.439 172.4295 155.0625 1352.346 1218.654 3420.5
201024 11649 1 1.578 3.156 33.61 64.8435 58.3125 611.212 550.788 3814.5 1.1112 6.4118 11.046 91.479 174.5145 156.9375 1372.334 1236.666 3459.5
201025 11785 1.11111 1.68911 3.26711 34.34511 66.20561 59.54861 617.89811 556.82411 3865.11111 1.1112 6.4118 11.046 92.311 176.1825 158.4375 1389.429 1252.071 3492
201026 11991 1.11111 1.68911 3.26711 34.76111 67.03961 60.29861 633.15211 570.57011 3936.11111 1.1112 6.6748 11.572 93.77 178.6845 160.6875 1409.943 1270.557 3550
201027 12216 1.11111 1.68911 3.26711 35.38511 68.29061 61.42361 643.14611 579.57611 4014.11111 1.1112 6.9378 12.098 95.229 181.1865 162.9375 1431.509 1289.991 3627
201028 12460 1.11111 1.95211 3.79311 36.42811 69.95861 62.92361 650.51011 586.21211 4093.11111 1.1112 6.9378 12.098 96.685 184.1055 165.5625 1458.861 1314.639 3714
201029 12695 1.11111 1.95211 3.79311 37.05211 71.20961 64.04861 662.60811 597.11411 4168.11111 1.1112 6.9378 12.098 97.933 186.6075 167.8125 1485.687 1338.813 3791
201030 12933 1.22222 2.06322 3.90422 37.57922 72.15472 64.90972 669.29422 603.15022 4255.22222 1.1112 6.9378 12.098 99.805 190.3605 171.1875 1509.094 1359.906 3873
201031 13119 1.22222 2.06322 3.90422 38.20322 73.40572 66.03472 677.71022 610.73422 4321.22222 1.1112 6.9378 12.098 101.885 194.5305 174.9375 1529.082 1377.918 3926
201101 13314 1.33333 2.17433 4.01533 39.35433 75.60183 68.02083 687.28933 619.37733 4383.33333 1.1112 6.9378 12.098 103.549 197.8665 177.9375 1555.908 1402.092 3976
201102 13616 1.88893 2.61873 4.01533 39.77033 76.43583 68.77083 701.49133 632.17533 4483.33333 1.1112 6.9378 12.098 105.421 201.6195 181.3125 1587.468 1430.532 4079
201103 13895 1.88893 2.61873 4.01533 41.64233 80.18883 72.14583 715.16733 644.49933 4569.33333 1.1112 6.9378 12.098 107.709 206.2065 185.4375 1617.45 1457.55 4169
201104 14150 1.88893 2.88173 4.54133 43.10133 82.69083 74.39583 725.68733 653.97933 4665.33333 1.1112 6.9378 12.098 108.749 208.2915 187.3125 1640.594 1478.406 4252
201105 14434 2.00004 2.99284 4.65244 43.83644 84.05294 75.63194 743.15644 669.73244 4773.44444 1.1112 6.9378 12.098 109.997 210.7935 189.5625 1666.368 1501.632 4336
201106 14680 2.00004 2.99284 4.65244 44.66844 85.72094 77.13194 753.15044 678.73844 4849.94444 1.1112 7.7268 13.676 113.334 216.2145 194.4375 1688.986 1522.014 4423.5
201107 14881 2.00004 2.99284 4.65244 44.66844 85.72094 77.13194 764.98544 689.40344 4930.94444 1.1112 7.9898 14.202 113.961 217.0485 195.1875 1708.185 1539.315 4481.5
201108 15052 2.00004 3.25584 5.17844 44.87944 85.72094 77.13194 771.29744 695.09144 4987.94444 1.1112 7.9898 14.202 114.377 217.8825 195.9375 1727.647 1556.853 4543.5
201109 15370 2.00004 3.25584 5.17844 46.33544 88.63994 79.75694 785.49944 707.88944 5095.94444 1.1112 8.2528 14.728 116.46 221.6355 199.3125 1758.681 1584.819 4650.5
201110 15713 2.11116 3.36696 5.28956 46.65456 89.16806 80.24306 807.17656 727.43456 5217.05556 1.1112 8.2528 14.728 119.58 227.8905 204.9375 1788.663 1611.837 4757.5
201111 16083 2.11116 3.36696 5.28956 47.69456 91.25306 82.11806 824.53456 743.07656 5364.05556 1.1112 8.2528 14.728 120.204 229.1415 206.0625 1827.061 1646.439 4866.5
201112 16483 2.11116 3.62996 5.81556 48.94556 93.33806 83.99306 843.47056 760.14056 5515.05556 1.1112 8.2528 14.728 121.66 232.0605 208.6875 1866.511 1681.989 4991.5
201113 16867 2.11116 3.89296 6.34156 49.98856 95.00606 85.49306 855.04256 770.56856 5665.55556 1.1112 8.7788 15.78 123.746 235.3965 211.6875 1897.545 1709.955 5129
201114 17174 2.16671 3.94851 6.39711 50.66811 96.31261 86.67361 871.40411 785.31811 5799.61111 1.16676 8.83436 15.83556 125.88156 239.62206 215.49306 1917.06256 1727.54856 5220.05556
201115 17415 2.16671 3.94851 6.39711 50.87611 96.72961 87.04861 882.97611 795.74611 5884.11111 1.16676 8.83436 15.83556 126.50556 240.87306 216.61806 1942.83656 1750.77456 5301.55556
201116 17802 2.16671 3.94851 6.39711 51.70811 98.39761 88.54861 901.91211 812.81011 6023.11111 1.16676 8.83436 15.83556 128.58556 245.04306 220.36806 1975.97456 1780.63656 5436.55556
201117 18230 2.16671 3.94851 6.39711 52.12411 99.23161 89.29861 924.00411 832.71811 6188.11111 1.16676 8.83436 15.83556 130.66556 249.21306 224.11806 2012.79456 1813.81656 5575.55556
201118 18670 2.16671 3.94851 6.39711 52.95611 100.89961 90.79861 945.30711 851.91511 6364.11111 1.16676 8.83436 15.83556 132.74556 253.38306 227.86806 2053.03356 1850.07756 5708.55556
201119 19125 2.16671 4.21151 6.92311 53.16711 100.89961 90.79861 967.39911 871.82311 6548.11111 1.16676 8.83436 15.83556 135.03356 257.97006 231.99306 2101.42556 1893.68556 5833.55556
201120 19551 2.72231 4.65591 6.92311 53.79111 102.15061 91.92361 991.06911 893.15311 6731.61111 1.16676 8.83436 15.83556 136.48956 260.88906 234.61806 2135.61556 1924.49556 5955.05556
201121 19837 2.72231 4.91891 7.44911 54.62611 103.40161 93.04861 1002.64111 903.58111 6842.11111 1.27787 8.94547 15.94667 138.05667 263.91917 237.35417 2161.50067 1947.83267 6047.66667
201122 20101 2.72231 4.91891 7.44911 55.04211 104.23561 93.79861 1015.79111 915.43111 6932.11111 1.27787 8.94547 15.94667 139.92867 267.67217 240.72917 2186.74867 1970.58467 6137.66667
201123 20502 2.72231 4.91891 7.44911 55.87411 105.90361 95.29861 1035.51611 933.20611 7072.61111 1.27787 8.94547 15.94667 140.96867 269.75717 242.60417 2230.66967 2010.16367 6268.16667
201124 20904 3.72231 4.91891 7.44911 57.12211 108.40561 97.54861 1053.40011 949.32211 7247.61111 1.27787 8.94547 15.94667 141.80067 271.42517 244.10417 2260.12567 2036.70767 6394.16667
201125 21362 3.72231 5.18191 7.97511 57.95711 109.65661 98.67361 1073.91411 967.80811 7454.61111 1.27787 8.94547 15.94667 144.71267 277.26317 249.35417 2293.78967 2067.04367 6524.16667
201126 21847 3.72231 5.18191 7.97511 58.99711 111.74161 100.54861 1099.68811 991.03411 7662.61111 1.27787 8.94547 15.94667 146.16867 280.18217 251.97917 2328.50567 2098.32767 6674.16667
201127 22325 4.88898 5.34858 8.14178 59.78778 113.15928 101.84028 1122.99878 1012.05678 7862.77778 1.33342 9.00102 16.00222 148.51222 284.82472 256.15972 2360.64722 2127.29722 6830.22222
201128 22692 4.88898 5.34858 8.14178 60.41178 114.41028 102.96528 1140.88278 1028.17278 8006.27778 1.33342 9.00102 16.00222 149.76022 287.32672 258.40972 2393.25922 2156.68522 6948.72222
201129 22990 4.88898 5.34858 8.14178 60.82778 115.24428 103.71528 1153.50678 1039.54878 8129.27778 2.33342 9.00102 16.00222 151.00822 289.82872 260.65972 2414.29922 2175.64522 7050.72222
201130 23465 4.88898 5.34858 8.14178 61.65978 116.91228 105.21528 1178.22878 1061.82678 8310.27778 2.33342 9.00102 16.00222 153.08822 293.99872 264.40972 2457.95722 2214.98722 7200.72222
201201 23968 4.88898 5.61158 8.66778 62.49478 118.16328 106.34028 1199.79478 1081.26078 8508.27778 2.33342 9.00102 16.00222 154.96022 297.75172 267.78472 2498.98522 2251.95922 7373.72222
201202 24490 5.1112 5.8338 8.89 63.133 119.2195 107.3125 1228.421 1107.079 8716.5 2.33342 9.00102 16.00222 155.79222 299.41972 269.28472 2543.69522 2292.24922 7540.72222
201203 25074 5.1112 5.8338 8.89 63.965 120.8875 108.8125 1258.929 1134.571 8961.5 2.33342 9.00102 16.00222 157.66422 303.17272 272.65972 2591.03522 2334.90922 7718.72222
201204 25654 5.1112 6.0968 9.416 65.632 123.8065 111.4375 1287.859 1160.641 9182 2.33342 9.00102 16.00222 159.12022 306.09172 275.28472 2638.37522 2377.56922 7918.22222
201205 26024 5.1112 6.0968 9.416 65.84 124.2235 111.8125 1307.321 1178.179 9336 2.44453 9.37513 16.63933 161.52233 310.37283 279.14583 2665.83833 2402.32833 8032.33333
201206 26354 5.1112 6.0968 9.416 66.048 124.6405 112.1875 1319.945 1189.555 9474 2.44453 9.37513 16.63933 163.18633 313.70883 282.14583 2695.82033 2429.34633 8134.33333
201207 26884 5.1112 6.0968 9.416 66.672 125.8915 113.3125 1343.615 1210.885 9677.5 2.55564 9.48624 16.75044 164.33744 315.90494 284.13194 2741.16744 2470.22144 8320.94444
201208 27506 5.1112 6.0968 9.416 68.128 128.8105 115.9375 1367.285 1232.215 9938 2.55564 9.48624 16.75044 166.41744 320.07494 287.88194 2784.82544 2509.56344 8537.44444
201209 28058 5.1112 6.0968 9.416 68.752 130.0615 117.0625 1399.108 1260.892 10170 2.55564 9.74924 17.27644 168.70844 324.24494 291.63194 2821.90844 2542.98044 8712.44444
201210 28738 5.1112 6.0968 9.416 69.584 131.7295 118.5625 1425.408 1284.592 10470 2.55564 9.74924 17.27644 170.58044 327.99794 295.00694 2877.66444 2593.22444 8923.44444
201211 29372 5.1112 6.0968 9.416 70.624 133.8145 120.4375 1455.39 1311.61 10729 3.55564 9.74924 17.27644 172.03644 330.91694 297.63194 2927.10844 2637.78044 9134.44444
201212 29860 5.1112 6.3598 9.942 71.251 134.6485 121.1875 1476.956 1331.044 10921 3.55564 9.74924 17.27644 173.90844 334.66994 301.00694 2970.76644 2677.12244 9294.44444
201213 30191 5.1112 6.3598 9.942 71.875 135.8995 122.3125 1491.684 1344.316 11061 4.55564 9.74924 17.27644 174.11644 335.08694 301.38194 2998.11844 2701.77044 9400.44444
201214 30729 5.1112 6.6228 10.468 73.542 138.8185 124.9375 1510.62 1361.38 11287 4.55564 9.74924 17.27644 176.82044 340.50794 306.25694 3039.67244 2739.21644 9576.44444
201215 31293 5.1112 6.6228 10.468 74.582 140.9035 126.8125 1534.816 1383.184 11506 4.55564 9.74924 17.27644 179.52444 345.92894 311.13194 3075.96644 2771.92244 9788.44444
201216 31873 5.22231 6.73391 10.57911 75.52511 142.68261 128.42361 1567.80211 1412.92011 11741.61111 4.55564 9.74924 17.27644 180.77244 348.43094 313.38194 3116.73144 2808.65744 9981.94444
201217 32468 5.22231 6.73391 10.57911 76.56511 144.76761 130.29861 1589.89411 1432.82811 11984.61111 4.55564 9.74924 17.27644 182.43644 351.76694 316.38194 3164.07144 2851.31744 10188.94444
201218 32994 6.22231 6.73391 10.57911 77.60511 146.85261 132.17361 1609.35611 1450.36611 12217.11111 4.55564 10.01224 17.80244 183.68744 353.85194 318.25694 3205.09944 2888.28944 10355.44444
201219 33360 6.22231 6.73391 10.57911 78.02111 147.68661 132.92361 1626.18811 1465.53411 12377.11111 4.66676 10.38636 18.43956 185.67356 357.29906 321.36806 3242.03056 2921.58056 10447.55556
201220 33650 6.22231 6.73391 10.57911 78.43711 148.52061 133.67361 1640.91611 1478.80611 12500.61111 4.66676 10.64936 18.96556 186.50856 358.55006 322.49306 3264.12256 2941.48856 10538.05556
201221 34055 6.22231 6.73391 10.57911 79.26911 150.18861 135.17361 1663.79711 1499.42511 12652.11111 4.77787 11.02347 19.60267 188.07867 361.16317 324.85417 3298.16067 2972.17267 10671.66667
201222 34451 6.38898 7.16358 11.27178 80.37478 151.81478 136.65278 1684.47778 1518.07778 12822.27778 4.83342 11.34202 20.18422 189.28122 363.09522 326.59722 3323.99022 2995.45422 10797.72222
201223 34863 6.38898 7.42658 11.79778 81.41778 153.48278 138.15278 1703.41378 1535.14178 13001.27778 4.83342 11.34202 20.18422 190.32122 365.18022 328.47222 3361.33622 3029.10822 10913.72222
201224 35108 7.38898 7.68958 12.32378 81.62878 153.48278 138.15278 1716.56378 1546.99178 13091.27778 4.83342 11.34202 20.18422 191.15322 366.84822 329.97222 3386.58422 3051.86022 10989.72222
201225 35284 7.38898 7.68958 12.32378 82.04478 154.31678 138.90278 1725.50578 1555.04978 13163.27778 4.83342 11.34202 20.18422 191.77722 368.09922 331.09722 3397.63022 3061.81422 11050.72222
201226 35476 7.38898 7.68958 12.32378 83.29278 156.81878 141.15278 1733.13278 1561.92278 13240.27778 4.83342 11.34202 20.18422 192.19322 368.93322 331.84722 3414.72522 3077.21922 11110.72222
201227 35604 8.38898 7.68958 12.32378 83.29278 156.81878 141.15278 1738.91878 1567.13678 13287.27778 4.83342 11.34202 20.18422 192.81722 370.18422 332.97222 3424.19322 3085.75122 11158.72222
201228 35821 8.38898 7.68958 12.32378 83.29278 156.81878 141.15278 1745.23078 1572.82478 13369.27778 4.83342 11.34202 20.18422 193.85722 372.26922 334.84722 3442.60322 3102.34122 11241.72222
201229 36066 8.44453 7.74513 12.37933 83.55633 157.29133 141.58333 1758.96233 1585.20433 13478.33333 5.00009 11.50869 20.35089 194.43989 373.26989 335.76389 3459.60189 3117.67589 11314.88889
201230 36255 9.44453 8.00813 12.90533 84.18333 158.12533 142.33333 1765.80033 1591.36633 13552.33333 5.1112 11.6198 20.462 194.967 374.215 336.625 3474.967 3131.533 11381
201231 36340 9.44453 8.00813 12.90533 84.18333 158.12533 142.33333 1767.90433 1593.26233 13580.83333 5.1112 11.6198 20.462 195.175 374.632 337 3486.013 3141.487 11411.5
210101 36381 9.44453 8.00813 12.90533 84.18333 158.12533 142.33333 1772.11233 1597.05433 13602.83333 5.1112 11.6198 20.462 195.175 374.632 337 3487.065 3142.435 11420.5
210102 36428 9.44453 8.00813 12.90533 84.39133 158.54233 142.70833 1773.69033 1598.47633 13618.33333 5.1112 11.6198 20.462 195.591 375.466 337.75 3490.221 3145.279 11440
210103 36457 9.44453 8.00813 12.90533 84.39133 158.54233 142.70833 1774.74233 1599.42433 13630.33333 5.1112 11.6198 20.462 196.215 376.717 338.875 3493.903 3148.597 11445
210104 36502 10.44453 8.00813 12.90533 84.39133 158.54233 142.70833 1776.32033 1600.84633 13646.33333 5.1112 11.6198 20.462 196.839 377.968 340 3496.533 3150.967 11462
210105 36528 10.44453 8.00813 12.90533 84.39133 158.54233 142.70833 1778.42433 1602.74233 13653.33333 5.1112 11.6198 20.462 197.047 378.385 340.375 3498.637 3152.863 11472
210106 36528 10.44453 8.00813 12.90533 84.39133 158.54233 142.70833 1778.42433 1602.74233 13653.33333 5.1112 11.6198 20.462 197.047 378.385 340.375 3498.637 3152.863 11472
